#depth	Te	Htot	hden	eden	2H_2/H	HI	HII	HeI	HeII	HeIII	CO/C	C1	C2	C3	C4	O1	O2	O3	O4	O5	O6	H2O/O	AV(point)	AV(extend)
3.46823e+14	3.2189e+04	5.546e-16	1.0000e+04	1.2056e+04	1.1685e-24	6.7933e-07	1.0000e+00	1.1261e-11	2.1652e-05	9.9998e-01	1.1755e-36	5.4005e-18	2.2702e-12	1.0662e-07	2.5746e-04	2.2480e-22	5.7375e-16	1.8587e-10	3.4013e-06	2.3222e-03	8.4527e-02	1.1755e-36	0.00e+00	0.00e+00
2.08094e+15	3.1967e+04	5.572e-16	1.0000e+04	1.2056e+04	1.2911e-24	7.0593e-07	1.0000e+00	1.2096e-11	2.2474e-05	9.9998e-01	1.1755e-36	5.9821e-18	2.4675e-12	1.1364e-07	2.6703e-04	2.6180e-22	6.5944e-16	2.0874e-10	3.7136e-06	2.4548e-03	8.7310e-02	1.1755e-36	0.00e+00	0.00e+00
5.53759e+15	3.1609e+04	5.612e-16	1.0000e+04	1.2056e+04	1.5651e-24	7.5974e-07	1.0000e+00	1.3875e-11	2.4146e-05	9.9998e-01	1.1755e-36	7.3919e-18	2.9253e-12	1.2894e-07	2.8673e-04	3.6011e-22	8.7758e-16	2.6452e-10	4.4422e-06	2.7541e-03	9.3189e-02	1.1755e-36	0.00e+00	0.00e+00
9.75910e+15	3.1193e+04	5.657e-16	1.0000e+04	1.2056e+04	1.9633e-24	8.2887e-07	1.0000e+00	1.6334e-11	2.6310e-05	9.9997e-01	1.1755e-36	9.5180e-18	3.5874e-12	1.5003e-07	3.1240e-04	5.3197e-22	1.2458e-15	3.5382e-10	5.5392e-06	3.1769e-03	1.0085e-01	1.1755e-36	0.00e+00	0.00e+00
1.38888e+16	3.0798e+04	5.701e-16	1.0000e+04	1.2056e+04	2.4315e-24	9.0005e-07	1.0000e+00	1.9062e-11	2.8541e-05	9.9997e-01	1.1755e-36	1.2075e-17	4.3509e-12	1.7318e-07	3.3897e-04	7.7126e-22	1.7403e-15	4.6696e-10	6.8363e-06	3.6406e-03	1.0869e-01	1.1755e-36	0.00e+00	0.00e+00
1.78030e+16	3.0438e+04	5.741e-16	1.0000e+04	1.2056e+04	2.9535e-24	9.7074e-07	1.0000e+00	2.1969e-11	3.0762e-05	9.9997e-01	1.1755e-36	1.5020e-17	5.1964e-12	1.9764e-07	3.6551e-04	1.0870e-21	2.3705e-15	6.0332e-10	8.2991e-06	4.1269e-03	1.1639e-01	1.1755e-36	0.00e+00	0.00e+00
2.21343e+16	3.0056e+04	5.784e-16	1.0000e+04	1.2056e+04	3.6227e-24	1.0527e-06	1.0000e+00	2.5581e-11	3.3341e-05	9.9997e-01	1.1755e-36	1.8978e-17	6.2886e-12	2.2778e-07	3.9641e-04	1.5739e-21	3.3091e-15	7.9525e-10	1.0224e-05	4.7215e-03	1.2522e-01	1.1755e-36	0.00e+00	0.00e+00
2.70197e+16	2.9644e+04	5.831e-16	1.0000e+04	1.2056e+04	4.5193e-24	1.1495e-06	1.0000e+00	3.0121e-11	3.6390e-05	9.9996e-01	1.1755e-36	2.4249e-17	7.7355e-12	2.6572e-07	4.3299e-04	2.3550e-21	4.7588e-15	1.0737e-09	1.2817e-05	5.4609e-03	1.3546e-01	1.1755e-36	0.00e+00	0.00e+00
3.18427e+16	2.9262e+04	5.876e-16	1.0000e+04	1.2055e+04	5.5757e-24	1.2493e-06	1.0000e+00	3.5197e-11	3.9538e-05	9.9996e-01	1.1755e-36	3.0753e-17	9.4183e-12	3.0755e-07	4.7083e-04	3.4599e-21	6.7299e-15	1.4286e-09	1.5883e-05	6.2670e-03	1.4585e-01	1.1755e-36	0.00e+00	0.00e+00
3.68586e+16	2.8884e+04	5.921e-16	1.0000e+04	1.2055e+04	6.8653e-24	1.3580e-06	1.0000e+00	4.1149e-11	4.2971e-05	9.9996e-01	1.1755e-36	3.9012e-17	1.1475e-11	3.5613e-07	5.1215e-04	5.0984e-21	9.5422e-15	1.9038e-09	1.9693e-05	7.1922e-03	1.5696e-01	1.1755e-36	0.00e+00	0.00e+00
4.23329e+16	2.8492e+04	5.968e-16	1.0000e+04	1.2055e+04	8.5284e-24	1.4821e-06	1.0000e+00	4.8468e-11	4.6898e-05	9.9995e-01	1.1755e-36	5.0026e-17	1.4122e-11	4.1540e-07	5.5952e-04	7.6722e-21	1.3786e-14	2.5747e-09	2.4670e-05	8.3050e-03	1.6937e-01	1.1755e-36	0.00e+00	0.00e+00
4.78812e+16	2.8121e+04	6.013e-16	1.0000e+04	1.2055e+04	1.0525e-23	1.6135e-06	1.0000e+00	5.6808e-11	5.1061e-05	9.9995e-01	1.1755e-36	6.3689e-17	1.7297e-11	4.8265e-07	6.0987e-04	1.1453e-20	1.9759e-14	3.4566e-09	3.0716e-05	9.5484e-03	1.8219e-01	1.1755e-36	0.00e+00	0.00e+00
5.36513e+16	2.7755e+04	6.058e-16	1.0000e+04	1.2055e+04	1.2977e-23	1.7564e-06	1.0000e+00	6.6590e-11	5.5601e-05	9.9994e-01	1.1755e-36	8.1071e-17	2.1196e-11	5.6088e-07	6.6484e-04	1.7134e-20	2.8367e-14	4.6438e-09	3.8239e-05	1.0972e-02	1.9579e-01	1.1755e-36	0.00e+00	0.00e+00
5.97974e+16	2.7389e+04	6.104e-16	1.0000e+04	1.2055e+04	1.6045e-23	1.9154e-06	1.0000e+00	7.8312e-11	6.0664e-05	9.9994e-01	1.1755e-36	1.0369e-16	2.6113e-11	6.5416e-07	7.2630e-04	2.5936e-20	4.1133e-14	6.2853e-09	4.7837e-05	1.2643e-02	2.1051e-01	1.1755e-36	0.00e+00	0.00e+00
6.61893e+16	2.7031e+04	6.149e-16	1.0000e+04	1.2055e+04	1.9800e-23	2.0882e-06	1.0000e+00	9.2068e-11	6.6177e-05	9.9993e-01	1.1755e-36	1.3263e-16	3.2178e-11	7.6283e-07	7.9335e-04	3.9320e-20	5.9683e-14	8.5057e-09	5.9798e-05	1.4557e-02	2.2601e-01	1.1755e-36	0.00e+00	0.00e+00
7.28368e+16	2.6681e+04	6.194e-16	1.0000e+04	1.2054e+04	2.4374e-23	2.2758e-06	1.0000e+00	1.0819e-10	7.2179e-05	9.9993e-01	1.1755e-36	1.6955e-16	3.9669e-11	8.8952e-07	8.6658e-04	5.9729e-20	8.6690e-14	1.1513e-08	7.4723e-05	1.6751e-02	2.4230e-01	1.1755e-36	0.00e+00	0.00e+00
7.86591e+16	2.6382e+04	6.232e-16	1.0000e+04	1.2054e+04	2.8972e-23	2.4458e-06	1.0000e+00	1.2391e-10	7.7629e-05	9.9992e-01	1.1755e-36	2.0790e-16	4.7241e-11	1.0114e-06	9.3315e-04	8.4711e-20	1.1845e-13	1.4822e-08	8.9915e-05	1.8815e-02	2.5657e-01	1.1755e-36	0.00e+00	0.00e+00
8.32722e+16	2.6172e+04	6.257e-16	1.0000e+04	1.2054e+04	3.3055e-23	2.5845e-06	1.0000e+00	1.3747e-10	8.2118e-05	9.9992e-01	1.1755e-36	2.4362e-16	5.4217e-11	1.1182e-06	9.8842e-04	1.1159e-19	1.5124e-13	1.8062e-08	1.0393e-04	2.0607e-02	2.6798e-01	1.1755e-36	0.00e+00	0.00e+00
8.82856e+16	2.5946e+04	6.287e-16	1.0000e+04	1.2054e+04	3.8032e-23	2.7412e-06	1.0000e+00	1.5355e-10	8.7158e-05	9.9991e-01	1.1755e-36	2.8861e-16	6.2682e-11	1.2430e-06	1.0502e-03	1.4922e-19	1.9573e-13	2.2239e-08	1.2100e-04	2.2664e-02	2.8041e-01	1.1755e-36	0.00e+00	0.00e+00
9.48031e+16	2.5664e+04	6.324e-16	1.0000e+04	1.2054e+04	4.5316e-23	2.9519e-06	1.0000e+00	1.7654e-10	9.3965e-05	9.9991e-01	1.1755e-36	3.5720e-16	7.5322e-11	1.4210e-06	1.1341e-03	2.1555e-19	2.7111e-13	2.8914e-08	1.4654e-04	2.5538e-02	2.9657e-01	1.1755e-36	0.00e+00	0.00e+00
1.01790e+17	2.5379e+04	6.359e-16	1.0000e+04	1.2054e+04	5.4100e-23	3.1840e-06	1.0000e+00	2.0376e-10	1.0152e-04	9.9990e-01	1.1755e-36	4.4436e-16	9.1082e-11	1.6316e-06	1.2277e-03	3.1519e-19	3.7930e-13	3.7885e-08	1.7834e-04	2.8855e-02	3.1370e-01	1.1755e-36	0.00e+00	0.00e+00
1.08019e+17	2.5142e+04	6.389e-16	1.0000e+04	1.2054e+04	6.2883e-23	3.3965e-06	1.0000e+00	2.3034e-10	1.0845e-04	9.9989e-01	1.1755e-36	5.3626e-16	1.0721e-10	1.8361e-06	1.3134e-03	4.3648e-19	5.0522e-13	4.7684e-08	2.1067e-04	3.1997e-02	3.2875e-01	1.1755e-36	0.00e+00	0.00e+00
1.14750e+17	2.4881e+04	6.424e-16	1.0000e+04	1.2054e+04	7.3902e-23	3.6382e-06	1.0000e+00	2.6243e-10	1.1634e-04	9.9988e-01	1.1755e-36	6.5249e-16	1.2726e-10	2.0799e-06	1.4112e-03	6.1552e-19	6.8422e-13	6.0815e-08	2.5118e-04	3.5673e-02	3.4509e-01	1.1755e-36	0.00e+00	0.00e+00
1.22926e+17	2.4592e+04	6.461e-16	1.0000e+04	1.2053e+04	8.8875e-23	3.9401e-06	1.0000e+00	3.0554e-10	1.2626e-04	9.9987e-01	1.1755e-36	8.2242e-16	1.5581e-10	2.4079e-06	1.5348e-03	9.2224e-19	9.7584e-13	8.0811e-08	3.0832e-04	4.0470e-02	3.6449e-01	1.1755e-36	0.00e+00	0.00e+00
1.31023e+17	2.4312e+04	6.493e-16	1.0000e+04	1.2053e+04	1.0555e-22	4.2482e-06	1.0000e+00	3.5317e-10	1.3652e-04	9.9986e-01	1.1755e-36	1.0220e-15	1.8903e-10	2.7699e-06	1.6639e-03	1.3566e-18	1.3691e-12	1.0599e-07	3.7466e-04	4.5589e-02	3.8326e-01	1.1755e-36	0.00e+00	0.00e+00
1.38086e+17	2.4103e+04	6.516e-16	1.0000e+04	1.2053e+04	1.2019e-22	4.5224e-06	1.0000e+00	3.9849e-10	1.4571e-04	9.9985e-01	1.1755e-36	1.2317e-15	2.2296e-10	3.1183e-06	1.7800e-03	1.8819e-18	1.8202e-12	1.3309e-07	4.4112e-04	5.0374e-02	3.9908e-01	1.1755e-36	0.00e+00	0.00e+00
1.45762e+17	2.3876e+04	6.543e-16	1.0000e+04	1.2053e+04	1.3234e-22	4.8353e-06	1.0000e+00	4.5336e-10	1.5619e-04	9.9984e-01	1.1755e-36	1.5017e-15	2.6559e-10	3.5360e-06	1.9125e-03	2.6638e-18	2.4624e-12	1.6941e-07	5.2430e-04	5.5959e-02	4.1600e-01	1.1755e-36	0.00e+00	0.00e+00
1.55102e+17	2.3604e+04	6.575e-16	1.0000e+04	1.2052e+04	1.5867e-22	5.2279e-06	9.9999e-01	5.2755e-10	1.6945e-04	9.9983e-01	1.1755e-36	1.8883e-15	3.2579e-10	4.0959e-06	2.0807e-03	3.9952e-18	3.5028e-12	2.2439e-07	6.4061e-04	6.3155e-02	4.3577e-01	1.1755e-36	0.00e+00	0.00e+00
1.64434e+17	2.3340e+04	6.603e-16	1.0000e+04	1.2052e+04	1.8412e-22	5.6268e-06	9.9999e-01	6.0937e-10	1.8308e-04	9.9982e-01	1.1755e-36	2.3408e-15	3.9556e-10	4.7097e-06	2.2545e-03	5.8674e-18	4.8894e-12	2.9275e-07	7.7347e-04	7.0732e-02	4.5443e-01	1.1755e-36	0.00e+00	0.00e+00
1.72769e+17	2.3141e+04	6.620e-16	1.0000e+04	1.2052e+04	2.1261e-22	5.9904e-06	9.9999e-01	6.8954e-10	1.9569e-04	9.9980e-01	1.1755e-36	2.8309e-15	4.6961e-10	5.3235e-06	2.4168e-03	8.2142e-18	6.5311e-12	3.6879e-07	9.1094e-04	7.8013e-02	4.7014e-01	1.1755e-36	0.00e+00	0.00e+00
1.81982e+17	2.2926e+04	6.641e-16	1.0000e+04	1.2052e+04	2.4710e-22	6.4130e-06	9.9999e-01	7.8862e-10	2.1036e-04	9.9979e-01	1.1755e-36	3.4811e-15	5.6530e-10	6.0770e-06	2.6058e-03	1.1815e-17	8.9252e-12	4.7292e-07	1.0861e-03	8.6609e-02	4.8669e-01	1.1755e-36	0.00e+00	0.00e+00
1.92366e+17	2.2675e+04	6.665e-16	1.0000e+04	1.2052e+04	2.9164e-22	6.8964e-06	9.9999e-01	9.1145e-10	2.2735e-04	9.9977e-01	1.1755e-36	4.3160e-15	6.8833e-10	6.9984e-06	2.8253e-03	1.7385e-17	1.2443e-11	6.1612e-07	1.3076e-03	9.6655e-02	5.0392e-01	1.1755e-36	0.00e+00	0.00e+00
2.02403e+17	2.2467e+04	6.677e-16	1.0000e+04	1.2051e+04	3.3603e-22	7.3716e-06	9.9999e-01	1.0430e-09	2.4449e-04	9.9976e-01	1.1755e-36	5.3051e-15	8.3167e-10	8.0100e-06	3.0510e-03	2.5130e-17	1.7027e-11	7.9152e-07	1.5589e-03	1.0712e-01	5.1899e-01	1.1755e-36	0.00e+00	0.00e+00
2.12050e+17	2.2279e+04	6.687e-16	1.0000e+04	1.2051e+04	3.8452e-22	7.8436e-06	9.9999e-01	1.1823e-09	2.6142e-04	9.9974e-01	1.1755e-36	6.4374e-15	9.9178e-10	9.0722e-06	3.2741e-03	3.5354e-17	2.2756e-11	9.9534e-07	1.8294e-03	1.1760e-01	5.3209e-01	1.1755e-36	0.00e+00	0.00e+00
2.23061e+17	2.2038e+04	6.709e-16	1.0000e+04	1.2051e+04	4.5183e-22	8.4171e-06	9.9999e-01	1.3623e-09	2.8186e-04	9.9972e-01	1.1755e-36	7.9290e-15	1.2017e-09	1.0399e-05	3.5411e-03	5.1463e-17	3.1337e-11	1.2803e-06	2.1787e-03	1.3012e-01	5.4573e-01	1.1755e-36	0.00e+00	0.00e+00
2.35871e+17	2.1799e+04	6.720e-16	1.0000e+04	1.2050e+04	5.3284e-22	9.0873e-06	9.9999e-01	1.5938e-09	3.0636e-04	9.9969e-01	1.1755e-36	1.0080e-14	1.4957e-09	1.2139e-05	3.8674e-03	7.8533e-17	4.4806e-11	1.6967e-06	2.6475e-03	1.4547e-01	5.5896e-01	1.1755e-36	0.00e+00	0.00e+00
2.48299e+17	2.1582e+04	6.719e-16	1.0000e+04	1.2050e+04	5.9322e-22	9.7457e-06	9.9999e-01	1.8452e-09	3.3118e-04	9.9967e-01	1.1755e-36	1.2595e-14	1.8401e-09	1.4052e-05	4.2048e-03	1.1685e-16	6.2643e-11	2.2102e-06	3.1768e-03	1.6116e-01	5.6926e-01	1.1755e-36	0.00e+00	0.00e+00
2.59684e+17	2.1400e+04	6.718e-16	1.0000e+04	1.2050e+04	6.6883e-22	1.0360e-05	9.9999e-01	2.0985e-09	3.5453e-04	9.9965e-01	1.1755e-36	1.5363e-14	2.2081e-09	1.5976e-05	4.5223e-03	1.6548e-16	8.3886e-11	2.7810e-06	3.7191e-03	1.7608e-01	5.7661e-01	1.1755e-36	0.00e+00	0.00e+00
2.72435e+17	2.1189e+04	6.725e-16	1.0000e+04	1.2049e+04	7.6544e-22	1.1095e-05	9.9999e-01	2.4209e-09	3.8240e-04	9.9962e-01	1.1755e-36	1.9132e-14	2.6953e-09	1.8388e-05	4.9001e-03	2.4217e-16	1.1545e-10	3.5727e-06	4.4129e-03	1.9357e-01	5.8275e-01	1.1755e-36	0.00e+00	0.00e+00
2.87235e+17	2.0956e+04	6.723e-16	1.0000e+04	1.2049e+04	8.9986e-22	1.1950e-05	9.9999e-01	2.8370e-09	4.1582e-04	9.9958e-01	1.1755e-36	2.4371e-14	3.3685e-09	2.1520e-05	5.3616e-03	3.6974e-16	1.6446e-10	4.7166e-06	5.3285e-03	2.1454e-01	5.8669e-01	1.1755e-36	0.00e+00	0.00e+00
3.01901e+17	2.0747e+04	6.714e-16	1.0000e+04	1.2049e+04	1.0473e-21	1.2796e-05	9.9999e-01	3.2922e-09	4.4975e-04	9.9955e-01	1.1755e-36	3.0684e-14	4.1605e-09	2.4969e-05	5.8347e-03	5.5029e-16	2.2898e-10	6.1141e-06	6.3470e-03	2.3593e-01	5.8743e-01	1.1755e-36	0.00e+00	0.00e+00
3.17154e+17	2.0539e+04	6.706e-16	1.0000e+04	1.2048e+04	1.2162e-21	1.3723e-05	9.9999e-01	3.8327e-09	4.8737e-04	9.9951e-01	1.1755e-36	3.8910e-14	5.1646e-09	2.9073e-05	6.3630e-03	8.2486e-16	3.2038e-10	7.9548e-06	7.5742e-03	2.5916e-01	5.8506e-01	1.1755e-36	0.00e+00	0.00e+00
3.33458e+17	2.0319e+04	6.689e-16	1.0000e+04	1.2048e+04	1.3733e-21	1.4721e-05	9.9999e-01	4.4833e-09	5.2948e-04	9.9947e-01	1.1755e-36	4.9671e-14	6.4658e-09	3.4075e-05	6.9710e-03	1.2527e-15	4.5305e-10	1.0444e-05	9.0847e-03	2.8463e-01	5.7913e-01	1.1755e-36	0.00e+00	0.00e+00
3.49410e+17	2.0124e+04	6.670e-16	1.0000e+04	1.2048e+04	1.5724e-21	1.5697e-05	9.9998e-01	5.1852e-09	5.7170e-04	9.9943e-01	1.1755e-36	6.2468e-14	7.9680e-09	3.9485e-05	7.5817e-03	1.8419e-15	6.2270e-10	1.3403e-05	1.0715e-02	3.0997e-01	5.7029e-01	1.1755e-36	0.00e+00	0.00e+00
3.62965e+17	1.9951e+04	6.643e-16	1.0000e+04	1.2047e+04	1.7280e-21	1.6511e-05	9.9998e-01	5.8435e-09	6.0902e-04	9.9939e-01	1.1755e-36	7.5173e-14	9.4809e-09	4.4677e-05	8.1466e-03	2.5347e-15	8.1103e-10	1.6512e-05	1.2295e-02	3.3175e-01	5.6057e-01	1.1755e-36	0.00e+00	0.00e+00
3.73832e+17	1.9819e+04	6.626e-16	1.0000e+04	1.2047e+04	1.8441e-21	1.7187e-05	9.9998e-01	6.4184e-09	6.4008e-04	9.9936e-01	1.1755e-36	8.7070e-14	1.0859e-08	4.9198e-05	8.6125e-03	3.2479e-15	9.9499e-10	1.9397e-05	1.3663e-02	3.4948e-01	5.5145e-01	1.1755e-36	0.00e+00	0.00e+00
3.85648e+17	1.9692e+04	6.614e-16	1.0000e+04	1.2047e+04	2.0308e-21	1.7977e-05	9.9998e-01	7.1113e-09	6.7592e-04	9.9932e-01	1.1755e-36	1.0296e-13	1.2595e-08	5.4636e-05	9.1428e-03	4.2498e-15	1.2404e-09	2.3057e-05	1.5298e-02	3.6927e-01	5.4007e-01	1.1755e-36	0.00e+00	0.00e+00
4.01010e+17	1.9531e+04	6.599e-16	1.0000e+04	1.2047e+04	2.3065e-21	1.9017e-05	9.9998e-01	8.0883e-09	7.2407e-04	9.9928e-01	1.1755e-36	1.2701e-13	1.5178e-08	6.2348e-05	9.8560e-03	5.9497e-15	1.6333e-09	2.8599e-05	1.7591e-02	3.9506e-01	5.2353e-01	1.1755e-36	0.00e+00	0.00e+00
4.17427e+17	1.9361e+04	6.563e-16	1.0000e+04	1.2046e+04	2.5529e-21	2.0072e-05	9.9998e-01	9.2201e-09	7.7689e-04	9.9922e-01	1.1755e-36	1.5749e-13	1.8455e-08	7.1687e-05	1.0685e-02	8.4321e-15	2.1742e-09	3.5868e-05	2.0367e-02	4.2230e-01	5.0401e-01	1.1755e-36	0.00e+00	0.00e+00
4.31724e+17	1.9213e+04	6.535e-16	1.0000e+04	1.2046e+04	2.7452e-21	2.0980e-05	9.9998e-01	1.0289e-08	8.2398e-04	9.9918e-01	1.1755e-36	1.8811e-13	2.1694e-08	8.0486e-05	1.1425e-02	1.1235e-14	2.7505e-09	4.3196e-05	2.2934e-02	4.4583e-01	4.8580e-01	1.1755e-36	0.00e+00	0.00e+00
4.46820e+17	1.9076e+04	6.512e-16	1.0000e+04	1.2046e+04	3.0594e-21	2.2050e-05	9.9998e-01	1.1581e-08	8.7868e-04	9.9912e-01	1.1755e-36	2.3018e-13	2.5865e-08	9.1260e-05	1.2280e-02	1.5307e-14	3.5394e-09	5.2692e-05	2.6039e-02	4.7116e-01	4.6477e-01	1.1755e-36	0.00e+00	0.00e+00
4.63700e+17	1.8918e+04	6.481e-16	1.0000e+04	1.2045e+04	3.3661e-21	2.3171e-05	9.9998e-01	1.3118e-08	9.4016e-04	9.9906e-01	1.1755e-36	2.8269e-13	3.1122e-08	1.0426e-04	1.3260e-02	2.1129e-14	4.6046e-09	6.4900e-05	2.9691e-02	4.9850e-01	4.4065e-01	1.1755e-36	0.00e+00	0.00e+00
4.79851e+17	1.8775e+04	6.445e-16	1.0000e+04	1.2045e+04	3.7018e-21	2.4247e-05	9.9998e-01	1.4738e-08	1.0021e-03	9.9900e-01	1.1755e-36	3.4439e-13	3.7098e-08	1.1838e-04	1.4274e-02	2.8598e-14	5.8958e-09	7.9007e-05	3.3591e-02	5.2414e-01	4.1664e-01	1.1755e-36	0.00e+00	0.00e+00
4.95327e+17	1.8642e+04	6.413e-16	1.0000e+04	1.2045e+04	3.9601e-21	2.5298e-05	9.9997e-01	1.6449e-08	1.0646e-03	9.9894e-01	1.1755e-36	4.1548e-13	4.3787e-08	1.3352e-04	1.5305e-02	3.7957e-14	7.4278e-09	9.4963e-05	3.7665e-02	5.4813e-01	3.9306e-01	1.1755e-36	0.00e+00	0.00e+00
5.12973e+17	1.8508e+04	6.385e-16	1.0000e+04	1.2044e+04	4.4398e-21	2.6596e-05	9.9997e-01	1.8663e-08	1.1420e-03	9.9886e-01	1.1755e-36	5.1781e-13	5.2944e-08	1.5323e-04	1.6564e-02	5.2323e-14	9.6384e-09	1.1673e-04	4.2779e-02	5.7500e-01	3.6538e-01	1.1755e-36	0.00e+00	0.00e+00
5.32043e+17	1.8347e+04	6.344e-16	1.0000e+04	1.2044e+04	4.8034e-21	2.7889e-05	9.9997e-01	2.1232e-08	1.2276e-03	9.9877e-01	1.1755e-36	6.4603e-13	6.4409e-08	1.7698e-04	1.8021e-02	7.2584e-14	1.2592e-08	1.4466e-04	4.8756e-02	6.0191e-01	3.3615e-01	1.1755e-36	0.00e+00	0.00e+00
5.49076e+17	1.8224e+04	6.302e-16	1.0000e+04	1.2043e+04	5.1865e-21	2.9022e-05	9.9997e-01	2.3719e-08	1.3079e-03	9.9869e-01	1.1755e-36	7.8783e-13	7.6586e-08	2.0114e-04	1.9415e-02	9.6441e-14	1.5882e-08	1.7441e-04	5.4599e-02	6.2456e-01	3.1029e-01	1.1755e-36	0.00e+00	0.00e+00
5.67326e+17	1.8096e+04	6.273e-16	1.0000e+04	1.2043e+04	5.7547e-21	3.0420e-05	9.9997e-01	2.6874e-08	1.4048e-03	9.9860e-01	1.1755e-36	9.8374e-13	9.2544e-08	2.3125e-04	2.1044e-02	1.3138e-13	2.0411e-08	2.1300e-04	6.1515e-02	6.4778e-01	2.8247e-01	1.1755e-36	0.00e+00	0.00e+00
5.87154e+17	1.7942e+04	6.231e-16	1.0000e+04	1.2043e+04	6.2006e-21	3.1831e-05	9.9997e-01	3.0582e-08	1.5143e-03	9.9849e-01	1.1755e-36	1.2399e-12	1.1294e-07	2.6840e-04	2.2976e-02	1.8106e-13	2.6530e-08	2.6328e-04	6.9720e-02	6.7005e-01	2.5391e-01	1.1755e-36	0.00e+00	0.00e+00
6.04870e+17	1.7825e+04	6.189e-16	1.0000e+04	1.2042e+04	6.7156e-21	3.3035e-05	9.9997e-01	3.4194e-08	1.6174e-03	9.9838e-01	1.1755e-36	1.5190e-12	1.3441e-07	3.0605e-04	2.4811e-02	2.3826e-13	3.3219e-08	3.1613e-04	7.7555e-02	6.8786e-01	2.2957e-01	1.1755e-36	0.00e+00	0.00e+00
6.23741e+17	1.7719e+04	6.159e-16	1.0000e+04	1.2042e+04	7.4118e-21	3.4512e-05	9.9997e-01	3.8748e-08	1.7422e-03	9.9826e-01	1.1755e-36	1.9059e-12	1.6269e-07	3.5331e-04	2.6948e-02	3.2097e-13	4.2322e-08	3.8404e-04	8.6677e-02	7.0512e-01	2.0429e-01	1.1755e-36	0.00e+00	0.00e+00
6.44319e+17	1.7561e+04	6.123e-16	1.0000e+04	1.2041e+04	7.9279e-21	3.6069e-05	9.9996e-01	4.4258e-08	1.8887e-03	9.9811e-01	1.2707e-36	2.4220e-12	1.9956e-07	4.1296e-04	2.9561e-02	4.4070e-13	5.4889e-08	4.7452e-04	9.7681e-02	7.2020e-01	1.7906e-01	1.1755e-36	0.00e+00	0.00e+00
6.62701e+17	1.7461e+04	6.080e-16	1.0000e+04	1.2041e+04	8.5628e-21	3.7357e-05	9.9996e-01	4.9626e-08	2.0279e-03	9.9797e-01	2.1500e-36	3.0033e-12	2.3888e-07	4.7442e-04	3.2058e-02	5.7806e-13	6.8619e-08	5.7013e-04	1.0818e-01	7.3106e-01	1.5825e-01	1.1755e-36	0.00e+00	0.00e+00
6.79571e+17	1.7360e+04	6.051e-16	1.0000e+04	1.2041e+04	9.1088e-21	3.8662e-05	9.9996e-01	5.5368e-08	2.1724e-03	9.9783e-01	3.4364e-36	3.6741e-12	2.8277e-07	5.4057e-04	3.4605e-02	7.4475e-13	8.4506e-08	6.7603e-04	1.1873e-01	7.3878e-01	1.4033e-01	1.1755e-36	0.00e+00	0.00e+00
6.98892e+17	1.7266e+04	6.023e-16	1.0000e+04	1.2040e+04	9.9985e-21	4.0284e-05	9.9996e-01	6.3107e-08	2.3607e-03	9.9764e-01	6.1542e-36	4.6669e-12	3.4490e-07	6.3054e-04	3.7828e-02	9.9993e-13	1.0758e-07	8.2274e-04	1.3186e-01	7.4510e-01	1.2114e-01	1.1755e-36	0.00e+00	0.00e+00
7.18739e+17	1.7120e+04	5.994e-16	1.0000e+04	1.2040e+04	1.0679e-20	4.1889e-05	9.9996e-01	7.2016e-08	2.5730e-03	9.9743e-01	1.0485e-35	5.9237e-12	4.2161e-07	7.3859e-04	4.1567e-02	1.3457e-12	1.3758e-07	1.0078e-03	1.4673e-01	7.4760e-01	1.0389e-01	1.1755e-36	0.00e+00	0.00e+00
7.34734e+17	1.7049e+04	5.962e-16	1.0000e+04	1.2039e+04	1.1362e-20	4.3076e-05	9.9996e-01	7.9950e-08	2.7605e-03	9.9724e-01	1.6468e-35	7.2143e-12	4.9579e-07	8.4054e-04	4.4829e-02	1.6976e-12	1.6698e-07	1.1853e-03	1.5956e-01	7.4736e-01	9.1300e-02	1.1755e-36	0.00e+00	0.00e+00
7.50994e+17	1.6972e+04	5.943e-16	1.0000e+04	1.2039e+04	1.2235e-20	4.4638e-05	9.9996e-01	9.0102e-08	2.9885e-03	9.9701e-01	2.7158e-35	8.9960e-12	5.9221e-07	9.6651e-04	4.8626e-02	2.1989e-12	2.0655e-07	1.4086e-03	1.7407e-01	7.4491e-01	7.9171e-02	1.1755e-36	0.00e+00	0.00e+00
7.69001e+17	1.6892e+04	5.917e-16	1.0000e+04	1.2038e+04	1.2988e-20	4.6108e-05	9.9995e-01	1.0239e-07	3.2661e-03	9.9673e-01	4.4703e-35	1.1331e-11	7.1694e-07	1.1282e-03	5.3222e-02	2.8797e-12	2.5895e-07	1.7035e-03	1.9120e-01	7.3933e-01	6.7444e-02	1.1755e-36	0.00e+00	0.00e+00
7.85528e+17	1.6796e+04	5.900e-16	1.0000e+04	1.2038e+04	1.3889e-20	4.7710e-05	9.9995e-01	1.1609e-07	3.5650e-03	9.9643e-01	7.3444e-35	1.4206e-11	8.6248e-07	1.3084e-03	5.8096e-02	3.7556e-12	3.2299e-07	2.0436e-03	2.0878e-01	7.3111e-01	5.7824e-02	1.1755e-36	0.00e+00	0.00e+00
8.00433e+17	1.6731e+04	5.883e-16	1.0000e+04	1.2037e+04	1.4631e-20	4.9131e-05	9.9995e-01	1.3048e-07	3.8750e-03	9.9612e-01	1.1421e-34	1.7549e-11	1.0226e-06	1.5023e-03	6.3001e-02	4.7773e-12	3.9514e-07	2.4172e-03	2.2595e-01	7.2146e-01	4.9990e-02	1.1755e-36	0.00e+00	0.00e+00
8.16979e+17	1.6664e+04	5.871e-16	1.0000e+04	1.2037e+04	1.5802e-20	5.0858e-05	9.9995e-01	1.5013e-07	4.2879e-03	9.9571e-01	1.9661e-34	2.2435e-11	1.2476e-06	1.7669e-03	6.9290e-02	6.3168e-12	4.9948e-07	2.9390e-03	2.4708e-01	7.0784e-01	4.2016e-02	1.1755e-36	0.00e+00	0.00e+00
8.33804e+17	1.6589e+04	5.859e-16	1.0000e+04	1.2036e+04	1.6899e-20	5.2524e-05	9.9995e-01	1.7342e-07	4.7755e-03	9.9522e-01	3.3428e-34	2.8786e-11	1.5284e-06	2.0903e-03	7.6516e-02	8.3839e-12	6.3506e-07	3.6008e-03	2.7036e-01	6.9081e-01	3.5137e-02	1.1755e-36	0.00e+00	0.00e+00
8.47284e+17	1.6520e+04	5.856e-16	1.0000e+04	1.2035e+04	1.7770e-20	5.4023e-05	9.9995e-01	1.9671e-07	5.2518e-03	9.9475e-01	5.1873e-34	3.5645e-11	1.8159e-06	2.4111e-03	8.3291e-02	1.0683e-11	7.7999e-07	4.2796e-03	2.9111e-01	6.7434e-01	3.0195e-02	1.1755e-36	0.00e+00	0.00e+00
8.59245e+17	1.6477e+04	5.854e-16	1.0000e+04	1.2034e+04	1.8908e-20	5.5674e-05	9.9994e-01	2.2220e-07	5.7538e-03	9.9425e-01	8.1074e-34	4.4020e-11	2.1407e-06	2.7568e-03	9.0181e-02	1.3519e-11	9.4948e-07	5.0282e-03	3.1125e-01	6.5751e-01	2.6156e-02	1.1755e-36	0.00e+00	0.00e+00
8.70489e+17	1.6438e+04	5.852e-16	1.0000e+04	1.2033e+04	1.9775e-20	5.6869e-05	9.9994e-01	2.4955e-07	6.3042e-03	9.9370e-01	1.1993e-33	5.3052e-11	2.4941e-06	3.1376e-03	9.7417e-02	1.6694e-11	1.1390e-06	5.8792e-03	3.3141e-01	6.3991e-01	2.2755e-02	1.1755e-36	0.00e+00	0.00e+00
8.80701e+17	1.6388e+04	5.860e-16	1.0000e+04	1.2033e+04	2.0690e-20	5.8279e-05	9.9994e-01	2.8034e-07	6.9024e-03	9.9310e-01	1.7586e-33	6.3836e-11	2.8948e-06	3.5526e-03	1.0499e-01	2.0629e-11	1.3636e-06	6.8359e-03	3.5136e-01	6.2186e-01	1.9909e-02	1.1755e-36	0.00e+00	0.00e+00
8.89861e+17	1.6345e+04	5.869e-16	1.0000e+04	1.2032e+04	2.1711e-20	5.9597e-05	9.9994e-01	3.1313e-07	7.5320e-03	9.9247e-01	2.5385e-33	7.5939e-11	3.3244e-06	3.9892e-03	1.1263e-01	2.5118e-11	1.6132e-06	7.8734e-03	3.7041e-01	6.0410e-01	1.7579e-02	1.1755e-36	0.00e+00	0.00e+00
8.98034e+17	1.6300e+04	5.889e-16	1.0000e+04	1.2031e+04	2.2598e-20	6.0582e-05	9.9994e-01	3.4566e-07	8.1849e-03	9.9181e-01	3.4573e-33	8.8703e-11	3.7483e-06	4.4401e-03	1.2032e-01	2.9513e-11	1.8608e-06	8.9829e-03	3.8863e-01	5.8672e-01	1.5638e-02	1.1755e-36	0.00e+00	0.00e+00
9.07089e+17	1.6254e+04	5.904e-16	1.0000e+04	1.2030e+04	2.3698e-20	6.2063e-05	9.9994e-01	3.9215e-07	9.0553e-03	9.9094e-01	5.1398e-33	1.0726e-10	4.3591e-06	5.0430e-03	1.3020e-01	3.6634e-11	2.2395e-06	1.0503e-02	4.1049e-01	5.6539e-01	1.3592e-02	1.1755e-36	0.00e+00	0.00e+00
9.16467e+17	1.6238e+04	5.916e-16	1.0000e+04	1.2028e+04	2.5105e-20	6.4308e-05	9.9994e-01	4.5426e-07	1.0138e-02	9.8986e-01	8.2350e-33	1.3383e-10	5.1928e-06	5.7857e-03	1.4155e-01	4.7982e-11	2.7956e-06	1.2438e-02	4.3386e-01	5.4196e-01	1.1729e-02	1.1755e-36	0.00e+00	0.00e+00
9.24007e+17	1.6179e+04	5.952e-16	1.0000e+04	1.2027e+04	2.6046e-20	6.5082e-05	9.9993e-01	5.0785e-07	1.1196e-02	9.8880e-01	1.1140e-32	1.5573e-10	5.8638e-06	6.4828e-03	1.5220e-01	5.6334e-11	3.2422e-06	1.4370e-02	4.5414e-01	5.2113e-01	1.0349e-02	1.1755e-36	0.00e+00	0.00e+00
9.30320e+17	1.6193e+04	5.956e-16	1.0000e+04	1.2026e+04	2.7271e-20	6.6866e-05	9.9993e-01	5.7117e-07	1.2257e-02	9.8774e-01	1.6285e-32	1.8492e-10	6.7073e-06	7.1861e-03	1.6219e-01	6.9847e-11	3.8649e-06	1.6347e-02	4.7180e-01	5.0258e-01	9.2526e-03	1.1755e-36	0.00e+00	0.00e+00
9.37297e+17	1.6148e+04	5.989e-16	1.0000e+04	1.2024e+04	2.8780e-20	6.8602e-05	9.9993e-01	6.5251e-07	1.3676e-02	9.8632e-01	2.4032e-32	2.2148e-10	7.7378e-06	8.1039e-03	1.7529e-01	8.6569e-11	4.6425e-06	1.9054e-02	4.9305e-01	4.7980e-01	8.0824e-03	1.1755e-36	0.00e+00	0.00e+00
9.44650e+17	1.6096e+04	6.033e-16	1.0000e+04	1.2022e+04	3.0408e-20	7.0365e-05	9.9993e-01	7.5805e-07	1.5514e-02	9.8448e-01	3.6565e-32	2.6857e-10	9.0229e-06	9.2342e-03	1.9088e-01	1.0933e-10	5.6806e-06	2.2594e-02	5.1598e-01	4.5444e-01	6.9794e-03	1.1755e-36	0.00e+00	0.00e+00
9.50705e+17	1.6079e+04	6.071e-16	1.0000e+04	1.2020e+04	3.1611e-20	7.1817e-05	9.9993e-01	8.6660e-07	1.7401e-02	9.8260e-01	5.2056e-32	3.1837e-10	1.0307e-05	1.0347e-02	2.0568e-01	1.3401e-10	6.7807e-06	2.6274e-02	5.3554e-01	4.3204e-01	6.1368e-03	1.1755e-36	0.00e+00	0.00e+00
9.55701e+17	1.6027e+04	6.115e-16	1.0000e+04	1.2018e+04	3.2771e-20	7.2987e-05	9.9993e-01	9.7907e-07	1.9340e-02	9.8066e-01	7.0755e-32	3.6600e-10	1.1560e-05	1.1436e-02	2.2007e-01	1.5986e-10	7.9270e-06	3.0088e-02	5.5263e-01	4.1180e-01	5.4674e-03	1.1755e-36	0.00e+00	0.00e+00
9.61109e+17	1.5969e+04	6.175e-16	1.0000e+04	1.2016e+04	3.4227e-20	7.4203e-05	9.9993e-01	1.1245e-06	2.1887e-02	9.7811e-01	9.9123e-32	4.3007e-10	1.3099e-05	1.2828e-02	2.3827e-01	1.9205e-10	9.3646e-06	3.5197e-02	5.7199e-01	3.8804e-01	4.7617e-03	1.1755e-36	0.00e+00	0.00e+00
9.66760e+17	1.5921e+04	6.241e-16	1.0000e+04	1.2013e+04	3.5911e-20	7.5902e-05	9.9992e-01	1.3262e-06	2.5275e-02	9.7472e-01	1.4844e-31	5.1672e-10	1.5140e-05	1.4540e-02	2.5984e-01	2.4221e-10	1.1486e-05	4.1979e-02	5.9186e-01	3.6205e-01	4.0935e-03	1.1755e-36	0.00e+00	0.00e+00
9.71306e+17	1.5903e+04	6.297e-16	1.0000e+04	1.2007e+04	3.8275e-20	7.8489e-05	9.9992e-01	1.5535e-06	2.8826e-02	9.7117e-01	2.2908e-31	6.1955e-10	1.7425e-05	1.6201e-02	2.8023e-01	3.1213e-10	1.4164e-05	4.9110e-02	6.0772e-01	3.3957e-01	3.5843e-03	1.1755e-36	0.00e+00	0.00e+00
9.74933e+17	1.5851e+04	6.359e-16	1.0000e+04	1.2004e+04	3.9827e-20	7.9693e-05	9.9992e-01	1.7714e-06	3.2399e-02	9.6760e-01	3.0898e-31	7.0258e-10	1.9348e-05	1.7758e-02	2.9939e-01	3.7171e-10	1.6556e-05	5.6278e-02	6.2055e-01	3.1997e-01	3.1874e-03	1.1755e-36	0.00e+00	0.00e+00
9.78786e+17	1.5786e+04	6.439e-16	1.0000e+04	1.2000e+04	4.1363e-20	8.0896e-05	9.9992e-01	2.0549e-06	3.7097e-02	9.6290e-01	4.2094e-31	8.1083e-10	2.1630e-05	1.9699e-02	3.2320e-01	4.4417e-10	1.9506e-05	6.5779e-02	6.3405e-01	2.9738e-01	2.7698e-03	1.1755e-36	0.00e+00	0.00e+00
9.82824e+17	1.5720e+04	6.533e-16	1.0000e+04	1.1994e+04	4.3375e-20	8.2704e-05	9.9992e-01	2.4557e-06	4.3503e-02	9.5649e-01	6.1809e-31	9.5509e-10	2.4639e-05	2.2058e-02	3.5153e-01	5.5896e-10	2.3924e-05	7.8564e-02	6.4646e-01	2.7258e-01	2.3644e-03	1.1755e-36	0.00e+00	0.00e+00
9.86068e+17	1.5656e+04	6.626e-16	1.0000e+04	1.1988e+04	4.5749e-20	8.4591e-05	9.9992e-01	2.8959e-06	5.0397e-02	9.4960e-01	8.8606e-31	1.1042e-09	2.7642e-05	2.4319e-02	3.7850e-01	6.9237e-10	2.8870e-05	9.2159e-02	6.5489e-01	2.5087e-01	2.0481e-03	1.1755e-36	0.00e+00	0.00e+00
9.88613e+17	1.5631e+04	6.695e-16	1.0000e+04	1.1977e+04	4.8230e-20	8.6975e-05	9.9991e-01	3.3492e-06	5.7264e-02	9.4273e-01	1.2529e-30	1.2663e-09	3.0677e-05	2.6351e-02	4.0270e-01	8.5629e-10	3.4487e-05	1.0562e-01	6.5982e-01	2.3271e-01	1.8049e-03	1.1755e-36	0.00e+00	0.00e+00
9.90920e+17	1.5555e+04	6.782e-16	1.0000e+04	1.1969e+04	5.0578e-20	8.8642e-05	9.9991e-01	3.8636e-06	6.5143e-02	9.3485e-01	1.6800e-30	1.4174e-09	3.3587e-05	2.8479e-02	4.2807e-01	1.0217e-09	4.0314e-05	1.2083e-01	6.6274e-01	2.1481e-01	1.5847e-03	1.1755e-36	0.00e+00	0.00e+00
9.93211e+17	1.5479e+04	6.875e-16	1.0000e+04	1.1959e+04	5.2970e-20	9.0417e-05	9.9991e-01	4.5093e-06	7.4986e-02	9.2501e-01	2.2763e-30	1.5934e-09	3.6874e-05	3.0860e-02	4.5635e-01	1.2314e-09	4.7573e-05	1.3950e-01	6.6309e-01	1.9599e-01	1.3711e-03	1.1755e-36	0.00e+00	0.00e+00
9.95402e+17	1.5399e+04	6.974e-16	1.0000e+04	1.1946e+04	5.5565e-20	9.2282e-05	9.9991e-01	5.3085e-06	8.7110e-02	9.1288e-01	3.0993e-30	1.7900e-09	4.0466e-05	3.3436e-02	4.8685e-01	1.4923e-09	5.6439e-05	1.6193e-01	6.5998e-01	1.7686e-01	1.1720e-03	1.1755e-36	0.00e+00	0.00e+00
9.97352e+17	1.5296e+04	7.080e-16	1.0000e+04	1.1932e+04	5.8424e-20	9.4250e-05	9.9991e-01	6.2491e-06	1.0122e-01	8.9878e-01	4.1705e-30	1.9937e-09	4.4154e-05	3.6038e-02	5.1775e-01	1.7998e-09	6.6661e-05	1.8725e-01	6.5311e-01	1.5857e-01	9.9730e-04	1.1755e-36	0.00e+00	0.00e+00
9.99047e+17	1.5186e+04	7.179e-16	1.0000e+04	1.1918e+04	6.1154e-20	9.6027e-05	9.9990e-01	7.3220e-06	1.1709e-01	8.8290e-01	5.4629e-30	2.1865e-09	4.7788e-05	3.8592e-02	5.4795e-01	2.1425e-09	7.7926e-05	2.1477e-01	6.4270e-01	1.4160e-01	8.4733e-04	1.1755e-36	0.00e+00	0.00e+00
1.00056e+18	1.5065e+04	7.281e-16	1.0000e+04	1.1904e+04	6.3979e-20	9.7555e-05	9.9990e-01	8.5655e-06	1.3519e-01	8.6481e-01	6.9328e-30	2.3801e-09	5.1213e-05	4.1142e-02	5.7788e-01	2.4914e-09	8.9548e-05	2.4496e-01	6.2866e-01	1.2557e-01	7.1560e-04	1.2470e-36	0.00e+00	0.00e+00
1.00196e+18	1.4944e+04	7.371e-16	1.0000e+04	1.1885e+04	6.7438e-20	9.9689e-05	9.9990e-01	1.0025e-05	1.5636e-01	8.4363e-01	9.0217e-30	2.5957e-09	5.5015e-05	4.3695e-02	6.0802e-01	2.9532e-09	1.0402e-04	2.7881e-01	6.1033e-01	1.1016e-01	5.9747e-04	1.5535e-36	0.00e+00	0.00e+00
1.00326e+18	1.4819e+04	7.452e-16	1.0000e+04	1.1862e+04	7.1101e-20	1.0195e-04	9.9990e-01	1.1753e-05	1.8117e-01	8.1882e-01	1.1607e-29	2.8184e-09	5.8869e-05	4.6250e-02	6.3821e-01	3.4884e-09	1.2042e-04	3.1653e-01	5.8747e-01	9.5387e-02	4.9196e-04	1.9116e-36	0.00e+00	0.00e+00
1.00444e+18	1.4682e+04	7.520e-16	1.0000e+04	1.1834e+04	7.5182e-20	1.0433e-04	9.9990e-01	1.3762e-05	2.0982e-01	7.9017e-01	1.4799e-29	3.0423e-09	6.2716e-05	4.8754e-02	6.6783e-01	4.0996e-09	1.3868e-04	3.5765e-01	5.6028e-01	8.1531e-02	3.9961e-04	2.3458e-36	0.00e+00	0.00e+00
1.00553e+18	1.4517e+04	7.577e-16	1.0000e+04	1.1795e+04	8.0868e-20	1.0764e-04	9.9989e-01	1.5959e-05	2.4253e-01	7.5746e-01	1.9234e-29	3.2823e-09	6.6768e-05	5.1127e-02	6.9651e-01	4.8683e-09	1.6010e-04	4.0170e-01	5.2906e-01	6.8754e-02	3.2019e-04	2.9728e-36	0.00e+00	0.00e+00
1.00653e+18	1.4356e+04	7.610e-16	1.0000e+04	1.1763e+04	8.6329e-20	1.1026e-04	9.9989e-01	1.8613e-05	2.7969e-01	7.2029e-01	2.4093e-29	3.5054e-09	7.0550e-05	5.3499e-02	7.2397e-01	5.6395e-09	1.8186e-04	4.4839e-01	4.9413e-01	5.7043e-02	2.5189e-04	3.6501e-36	0.00e+00	0.00e+00
1.00746e+18	1.4183e+04	7.613e-16	1.0000e+04	1.1711e+04	9.2396e-20	1.1320e-04	9.9989e-01	2.1550e-05	3.2154e-01	6.7844e-01	2.9701e-29	3.7281e-09	7.4096e-05	5.5691e-02	7.5007e-01	6.4852e-09	2.0487e-04	4.9716e-01	4.5592e-01	4.6513e-02	1.9456e-04	4.4191e-36	0.00e+00	0.00e+00
1.00834e+18	1.3985e+04	7.589e-16	1.0000e+04	1.1661e+04	9.9584e-20	1.1636e-04	9.9988e-01	2.4976e-05	3.6902e-01	6.3095e-01	3.6461e-29	3.9468e-09	7.7726e-05	5.7858e-02	7.7497e-01	7.4279e-09	2.2974e-04	5.4818e-01	4.1443e-01	3.7018e-02	1.4615e-04	5.3498e-36	0.00e+00	0.00e+00
1.00919e+18	1.3768e+04	7.531e-16	1.0000e+04	1.1608e+04	1.0801e-19	1.1983e-04	9.9988e-01	2.8840e-05	4.2224e-01	5.7774e-01	4.4450e-29	4.1671e-09	8.1364e-05	5.9961e-02	7.9839e-01	8.4642e-09	2.5606e-04	6.0064e-01	3.7034e-01	2.8657e-02	1.0633e-04	6.4529e-36	0.00e+00	0.00e+00
1.01001e+18	1.3532e+04	7.432e-16	1.0000e+04	1.1549e+04	1.1794e-19	1.2359e-04	9.9988e-01	3.3149e-05	4.8072e-01	5.1925e-01	5.3766e-29	4.3902e-09	8.4989e-05	6.1986e-02	8.2003e-01	9.5831e-09	2.8335e-04	6.5338e-01	3.2476e-01	2.1506e-02	7.4621e-05	7.7507e-36	0.00e+00	0.00e+00
1.01082e+18	1.3277e+04	7.288e-16	1.0000e+04	1.1485e+04	1.2978e-19	1.2768e-04	9.9987e-01	3.7889e-05	5.4395e-01	4.5601e-01	6.4605e-29	4.6199e-09	8.8647e-05	6.3951e-02	8.3975e-01	1.0782e-08	3.1129e-04	7.0548e-01	2.7861e-01	1.5549e-02	5.0111e-05	9.2745e-36	0.00e+00	0.00e+00
1.01166e+18	1.2995e+04	7.095e-16	1.0000e+04	1.1416e+04	1.4436e-19	1.3221e-04	9.9987e-01	4.3139e-05	6.1239e-01	3.8756e-01	7.7511e-29	4.8673e-09	9.2492e-05	6.5928e-02	8.5778e-01	1.2084e-08	3.4016e-04	7.5704e-01	2.3194e-01	1.0647e-02	3.1513e-05	1.1099e-35	0.00e+00	0.00e+00
1.01264e+18	1.2650e+04	6.820e-16	1.0000e+04	1.1336e+04	1.6474e-19	1.3786e-04	9.9986e-01	4.9509e-05	6.9255e-01	3.0740e-01	9.4902e-29	5.1748e-09	9.7128e-05	6.8190e-02	8.7554e-01	1.3657e-08	3.7292e-04	8.1220e-01	1.8098e-01	6.4297e-03	1.6974e-05	1.3551e-35	0.00e+00	0.00e+00
1.01371e+18	1.2295e+04	6.509e-16	1.0000e+04	1.1260e+04	1.8942e-19	1.4376e-04	9.9986e-01	5.5920e-05	7.7063e-01	2.2931e-01	1.1493e-28	5.5041e-09	1.0192e-04	7.0425e-02	8.8998e-01	1.5252e-08	4.0403e-04	8.6144e-01	1.3460e-01	3.5497e-03	8.2044e-06	1.6365e-35	0.00e+00	0.00e+00
1.01465e+18	1.2012e+04	6.241e-16	1.0000e+04	1.1199e+04	2.1195e-19	1.4855e-04	9.9985e-01	6.0835e-05	8.2860e-01	1.7134e-01	1.3244e-28	5.7789e-09	1.0586e-04	7.2192e-02	8.9927e-01	1.6517e-08	4.2724e-04	8.9580e-01	1.0174e-01	2.0238e-03	4.1139e-06	1.8719e-35	0.00e+00	0.00e+00
1.01564e+18	1.1757e+04	5.995e-16	1.0000e+04	1.1150e+04	2.3560e-19	1.5309e-04	9.9985e-01	6.5218e-05	8.7662e-01	1.2331e-01	1.5067e-28	6.0584e-09	1.0972e-04	7.3847e-02	9.0610e-01	1.7691e-08	4.4746e-04	9.2325e-01	7.5207e-02	1.0952e-03	1.9177e-06	2.1135e-35	0.00e+00	0.00e+00
1.01693e+18	1.1508e+04	5.751e-16	1.0000e+04	1.1106e+04	2.6246e-19	1.5786e-04	9.9984e-01	6.9455e-05	9.1999e-01	7.9942e-02	1.7146e-28	6.3715e-09	1.1392e-04	7.5578e-02	9.1160e-01	1.8904e-08	4.6695e-04	9.4745e-01	5.1577e-02	5.0087e-04	7.1769e-07	2.3783e-35	0.00e+00	0.00e+00
1.01859e+18	1.1295e+04	5.540e-16	1.0000e+04	1.1071e+04	2.8978e-19	1.6248e-04	9.9984e-01	7.3113e-05	9.5425e-01	4.5676e-02	1.9318e-28	6.6927e-09	1.1808e-04	7.7223e-02	9.1542e-01	2.0052e-08	4.8396e-04	9.6642e-01	3.2911e-02	1.8971e-04	1.1755e-36	2.6431e-35	0.00e+00	0.00e+00
1.02076e+18	1.1141e+04	5.387e-16	1.0000e+04	1.1047e+04	3.1297e-19	1.6663e-04	9.9983e-01	7.5888e-05	9.7718e-01	2.2743e-02	2.1325e-28	6.9969e-09	1.2185e-04	7.8639e-02	9.1760e-01	2.1058e-08	4.9726e-04	9.7920e-01	2.0244e-02	6.0706e-05	1.1755e-36	2.8618e-35	0.00e+00	0.00e+00
1.02358e+18	1.1052e+04	5.299e-16	1.0000e+04	1.1032e+04	3.3203e-19	1.7037e-04	9.9983e-01	7.7832e-05	9.9012e-01	9.8047e-03	2.3258e-28	7.2812e-09	1.2517e-04	7.9801e-02	9.1847e-01	2.1928e-08	5.0702e-04	9.8656e-01	1.2920e-02	1.7495e-05	1.1755e-36	3.0754e-35	0.00e+00	0.00e+00
1.02724e+18	1.1015e+04	5.265e-16	1.0000e+04	1.1026e+04	3.4709e-19	1.7407e-04	9.9983e-01	7.9370e-05	9.9627e-01	3.6517e-03	2.5221e-28	7.5743e-09	1.2836e-04	8.0837e-02	9.1842e-01	2.2763e-08	5.1464e-04	9.9019e-01	9.2937e-03	4.9280e-06	1.1755e-36	3.2817e-35	0.00e+00	0.00e+00
1.03201e+18	1.1013e+04	5.265e-16	1.0000e+04	1.1024e+04	3.6104e-19	1.7825e-04	9.9982e-01	8.0726e-05	9.9873e-01	1.1871e-03	2.7529e-28	7.9117e-09	1.3185e-04	8.1900e-02	9.1776e-01	2.3692e-08	5.2171e-04	9.9173e-01	7.7493e-03	1.4180e-06	1.1755e-36	3.5182e-35	0.00e+00	0.00e+00
1.03820e+18	1.1031e+04	5.288e-16	1.0000e+04	1.1023e+04	3.7528e-19	1.8354e-04	9.9982e-01	8.2256e-05	9.9957e-01	3.5070e-04	3.0477e-28	8.3460e-09	1.3618e-04	8.3166e-02	9.1663e-01	2.4875e-08	5.2976e-04	9.9233e-01	7.1416e-03	4.1668e-07	1.1755e-36	3.7841e-35	0.00e+00	0.00e+00
1.04625e+18	1.1064e+04	5.328e-16	1.0000e+04	1.1023e+04	3.9647e-19	1.9061e-04	9.9981e-01	8.4339e-05	9.9981e-01	1.0210e-04	3.5002e-28	8.9385e-09	1.4189e-04	8.4791e-02	9.1505e-01	2.6493e-08	5.4004e-04	9.9257e-01	6.8877e-03	1.1755e-36	1.1755e-36	4.2360e-35	0.00e+00	0.00e+00
1.05671e+18	1.1111e+04	5.384e-16	1.0000e+04	1.1023e+04	4.2665e-19	2.0042e-04	9.9980e-01	8.6795e-05	9.9988e-01	3.1651e-05	4.2136e-28	9.7782e-09	1.4979e-04	8.6957e-02	9.1289e-01	2.8824e-08	5.5405e-04	9.9280e-01	6.6503e-03	1.1755e-36	1.1755e-36	4.9482e-35	0.00e+00	0.00e+00
1.07032e+18	1.1177e+04	5.462e-16	1.0000e+04	1.1023e+04	4.6670e-19	2.1426e-04	9.9979e-01	9.0398e-05	9.9990e-01	1.0451e-05	5.3403e-28	1.1004e-08	1.6082e-04	8.9861e-02	9.0998e-01	3.2273e-08	5.7319e-04	9.9293e-01	6.4942e-03	1.1755e-36	1.1755e-36	5.9555e-35	0.00e+00	0.00e+00
1.08800e+18	1.1268e+04	5.572e-16	1.0000e+04	1.1023e+04	5.3113e-19	2.3446e-04	9.9977e-01	9.5564e-05	9.9990e-01	3.4971e-06	7.4132e-28	1.2871e-08	1.7676e-04	9.3828e-02	9.0599e-01	3.7653e-08	6.0017e-04	9.9313e-01	6.2707e-03	1.1755e-36	1.1755e-36	7.8353e-35	0.00e+00	0.00e+00
1.11099e+18	1.1395e+04	5.730e-16	1.0000e+04	1.1023e+04	6.5604e-19	2.6521e-04	9.9973e-01	1.0299e-04	9.9990e-01	1.1391e-06	1.2025e-27	1.5850e-08	2.0061e-04	9.9358e-02	9.0044e-01	4.6597e-08	6.3907e-04	9.9335e-01	6.0084e-03	1.1755e-36	1.1755e-36	1.2553e-34	0.00e+00	0.00e+00
1.14088e+18	1.1576e+04	5.949e-16	1.0000e+04	1.1022e+04	8.1291e-19	3.1360e-04	9.9969e-01	1.1469e-04	9.9988e-01	3.5798e-07	2.1535e-27	2.1046e-08	2.3853e-04	1.0729e-01	8.9247e-01	6.2827e-08	6.9770e-04	9.9367e-01	5.6332e-03	1.1755e-36	1.1755e-36	1.9582e-34	0.00e+00	0.00e+00
1.17379e+18	1.1802e+04	6.233e-16	1.0000e+04	1.1021e+04	1.0767e-18	3.8408e-04	9.9962e-01	1.2948e-04	9.9987e-01	1.2563e-07	4.4497e-27	2.9122e-08	2.9210e-04	1.1718e-01	8.8253e-01	9.0835e-08	7.7702e-04	9.9397e-01	5.2530e-03	1.1755e-36	1.1755e-36	3.5866e-34	0.00e+00	0.00e+00
1.20215e+18	1.2020e+04	6.512e-16	1.0000e+04	1.1020e+04	1.5102e-18	4.6559e-04	9.9953e-01	1.4546e-04	9.9985e-01	5.8867e-08	9.6499e-27	3.9284e-08	3.5390e-04	1.2715e-01	8.7249e-01	1.3038e-07	8.6426e-04	9.9422e-01	4.9129e-03	1.1755e-36	1.1755e-36	7.8691e-34	0.00e+00	0.00e+00
1.22338e+18	1.2184e+04	6.733e-16	1.0000e+04	1.1020e+04	1.8991e-18	5.4332e-04	9.9946e-01	1.5967e-04	9.9984e-01	3.6818e-08	1.7266e-26	4.9890e-08	4.1475e-04	1.3590e-01	8.6369e-01	1.7609e-07	9.4629e-04	9.9441e-01	4.6461e-03	1.1755e-36	1.1755e-36	1.3093e-33	0.00e+00	0.00e+00
1.23973e+18	1.2295e+04	6.913e-16	1.0000e+04	1.1019e+04	2.4946e-18	6.1559e-04	9.9938e-01	1.7267e-04	9.9983e-01	2.6848e-08	3.0698e-26	6.0585e-08	4.7393e-04	1.4370e-01	8.5582e-01	2.2606e-07	1.0225e-03	9.9459e-01	4.3909e-03	1.1755e-36	1.1755e-36	2.5285e-33	0.00e+00	0.00e+00
1.25687e+18	1.2416e+04	7.092e-16	1.0000e+04	1.1018e+04	3.0534e-18	7.0335e-04	9.9930e-01	1.8876e-04	9.9981e-01	1.9791e-08	5.2037e-26	7.5126e-08	5.5082e-04	1.5308e-01	8.4637e-01	2.9761e-07	1.1157e-03	9.9475e-01	4.1311e-03	1.1755e-36	1.1755e-36	3.9800e-33	0.00e+00	0.00e+00
1.27582e+18	1.2580e+04	7.289e-16	1.0000e+04	1.1017e+04	3.9197e-18	8.2039e-04	9.9918e-01	2.0993e-04	9.9979e-01	1.4619e-08	9.9150e-26	9.6201e-08	6.5717e-04	1.6471e-01	8.3464e-01	4.1295e-07	1.2422e-03	9.9492e-01	3.8404e-03	1.1755e-36	1.1755e-36	7.2057e-33	0.00e+00	0.00e+00
1.29235e+18	1.2698e+04	7.482e-16	1.0000e+04	1.1015e+04	4.9293e-18	9.4950e-04	9.9905e-01	2.3234e-04	9.9977e-01	1.1544e-08	1.8161e-25	1.2135e-07	7.8039e-04	1.7679e-01	8.2243e-01	5.6737e-07	1.3847e-03	9.9506e-01	3.5517e-03	1.1755e-36	1.1755e-36	1.2220e-32	0.00e+00	0.00e+00
1.30374e+18	1.2791e+04	7.613e-16	1.0000e+04	1.1014e+04	5.8532e-18	1.0562e-03	9.9894e-01	2.5054e-04	9.9975e-01	9.9527e-09	2.8637e-25	1.4351e-07	8.8673e-04	1.8620e-01	8.1292e-01	7.1958e-07	1.5063e-03	9.9513e-01	3.3597e-03	1.1755e-36	1.1755e-36	1.8346e-32	0.00e+00	0.00e+00
1.31120e+18	1.2846e+04	7.701e-16	1.0000e+04	1.1013e+04	6.6352e-18	1.1349e-03	9.9887e-01	2.6418e-04	9.9974e-01	9.1235e-09	3.9514e-25	1.6113e-07	9.6969e-04	1.9314e-01	8.0590e-01	8.4690e-07	1.5979e-03	9.9518e-01	3.2190e-03	1.1755e-36	1.1755e-36	2.4802e-32	0.00e+00	0.00e+00
1.31884e+18	1.2900e+04	7.790e-16	1.0000e+04	1.1012e+04	7.5652e-18	1.2238e-03	9.9878e-01	2.7964e-04	9.9972e-01	8.3288e-09	5.5632e-25	1.8245e-07	1.0682e-03	2.0104e-01	7.9789e-01	1.0063e-06	1.7027e-03	9.9523e-01	3.0671e-03	1.1755e-36	1.1755e-36	3.4037e-32	0.00e+00	0.00e+00
1.32878e+18	1.2956e+04	7.915e-16	1.0000e+04	1.1011e+04	9.6568e-18	1.3554e-03	9.9864e-01	3.0216e-04	9.9970e-01	7.3741e-09	9.5490e-25	2.1584e-07	1.2203e-03	2.1248e-01	7.8630e-01	1.2739e-06	1.8615e-03	9.9528e-01	2.8529e-03	1.1755e-36	1.1755e-36	6.2948e-32	0.00e+00	0.00e+00
1.33901e+18	1.3052e+04	8.032e-16	1.0000e+04	1.1009e+04	1.1063e-17	1.5118e-03	9.9849e-01	3.2896e-04	9.9967e-01	6.5027e-09	1.4976e-24	2.5812e-07	1.4086e-03	2.2532e-01	7.7327e-01	1.6507e-06	2.0591e-03	9.9528e-01	2.6553e-03	1.1755e-36	1.1755e-36	8.7112e-32	0.00e+00	0.00e+00
1.34711e+18	1.3099e+04	8.140e-16	1.0000e+04	1.1008e+04	1.2844e-17	1.6596e-03	9.9834e-01	3.5410e-04	9.9965e-01	5.9315e-09	2.2773e-24	3.0040e-07	1.5951e-03	2.3704e-01	7.6136e-01	2.0626e-06	2.2519e-03	9.9526e-01	2.4845e-03	1.1755e-36	1.1755e-36	1.2455e-31	0.00e+00	0.00e+00
1.35375e+18	1.3144e+04	8.226e-16	1.0000e+04	1.1006e+04	1.4856e-17	1.7963e-03	9.9820e-01	3.7742e-04	9.9962e-01	5.5233e-09	3.3398e-24	3.4224e-07	1.7772e-03	2.4777e-01	7.5045e-01	2.4987e-06	2.4365e-03	9.9522e-01	2.3400e-03	1.1755e-36	1.1755e-36	1.7851e-31	0.00e+00	0.00e+00
1.36101e+18	1.3190e+04	8.322e-16	1.0000e+04	1.1005e+04	1.8109e-17	1.9649e-03	9.9804e-01	4.0636e-04	9.9959e-01	5.1109e-09	5.3723e-24	3.9801e-07	2.0153e-03	2.6101e-01	7.3697e-01	3.1124e-06	2.6713e-03	9.9515e-01	2.1732e-03	1.1755e-36	1.1755e-36	2.9547e-31	0.00e+00	0.00e+00
1.36898e+18	1.3227e+04	8.437e-16	1.0000e+04	1.1003e+04	2.2319e-17	2.1814e-03	9.9782e-01	4.4299e-04	9.9956e-01	4.6367e-09	9.1226e-24	4.7316e-07	2.3338e-03	2.7718e-01	7.2049e-01	4.0301e-06	2.9859e-03	9.9502e-01	1.9885e-03	1.1755e-36	1.1755e-36	4.9650e-31	0.00e+00	0.00e+00
1.37594e+18	1.3264e+04	8.533e-16	1.0000e+04	1.1001e+04	2.6467e-17	2.4004e-03	9.9760e-01	4.8086e-04	9.9952e-01	4.2713e-09	1.4581e-23	5.5610e-07	2.6757e-03	2.9304e-01	7.0429e-01	5.1286e-06	3.3225e-03	9.9484e-01	1.8332e-03	1.1755e-36	1.1755e-36	7.5843e-31	0.00e+00	0.00e+00
1.38178e+18	1.3302e+04	8.615e-16	1.0000e+04	1.0999e+04	3.0948e-17	2.6142e-03	9.9739e-01	5.1735e-04	9.9948e-01	4.0021e-09	2.2349e-23	6.4137e-07	3.0266e-03	3.0808e-01	6.8889e-01	6.3728e-06	3.6654e-03	9.9463e-01	1.6973e-03	1.1755e-36	1.1755e-36	1.1243e-30	0.00e+00	0.00e+00
1.38810e+18	1.3337e+04	8.703e-16	1.0000e+04	1.0996e+04	3.7102e-17	2.8769e-03	9.9712e-01	5.6268e-04	9.9944e-01	3.7377e-09	3.6499e-23	7.5531e-07	3.4878e-03	3.2654e-01	6.6997e-01	8.1518e-06	4.1065e-03	9.9434e-01	1.5482e-03	1.1755e-36	1.1755e-36	1.7747e-30	0.00e+00	0.00e+00
1.39487e+18	1.3373e+04	8.804e-16	1.0000e+04	1.0993e+04	4.6012e-17	3.2116e-03	9.9679e-01	6.2005e-04	9.9938e-01	3.4119e-09	6.4626e-23	9.0921e-07	4.1008e-03	3.4858e-01	6.4732e-01	1.0849e-05	4.7013e-03	9.9390e-01	1.3902e-03	1.1755e-36	1.1755e-36	3.0521e-30	0.00e+00	0.00e+00
1.40057e+18	1.3408e+04	8.890e-16	1.0000e+04	1.0990e+04	5.5131e-17	3.5491e-03	9.9645e-01	6.7788e-04	9.9932e-01	3.1693e-09	1.0733e-22	1.0748e-06	4.7539e-03	3.6972e-01	6.2552e-01	1.4113e-05	5.3404e-03	9.9339e-01	1.2576e-03	1.1755e-36	1.1755e-36	4.8232e-30	0.00e+00	0.00e+00
1.40521e+18	1.3433e+04	8.966e-16	1.0000e+04	1.0985e+04	6.2503e-17	3.8741e-03	9.9613e-01	7.3301e-04	9.9927e-01	2.9913e-09	1.6177e-22	1.2406e-06	5.4116e-03	3.8917e-01	6.0542e-01	1.7791e-05	5.9864e-03	9.9285e-01	1.1483e-03	1.1755e-36	1.1755e-36	6.6026e-30	0.00e+00	0.00e+00
1.40942e+18	1.3446e+04	9.035e-16	1.0000e+04	1.0981e+04	7.4704e-17	4.2072e-03	9.9579e-01	7.9157e-04	9.9921e-01	2.8323e-09	2.5409e-22	1.4294e-06	6.1265e-03	4.0864e-01	5.8523e-01	2.2179e-05	6.6878e-03	9.9224e-01	1.0466e-03	1.1755e-36	1.1755e-36	1.0337e-29	0.00e+00	0.00e+00
1.41420e+18	1.3459e+04	9.111e-16	1.0000e+04	1.0977e+04	9.0679e-17	4.6412e-03	9.9536e-01	8.6748e-04	9.9913e-01	2.6613e-09	4.2785e-22	1.6910e-06	7.1122e-03	4.3330e-01	5.5959e-01	2.8889e-05	7.6546e-03	9.9138e-01	9.3417e-04	1.1755e-36	1.1755e-36	1.6792e-29	0.00e+00	0.00e+00
1.41910e+18	1.3457e+04	9.205e-16	1.0000e+04	1.0972e+04	1.1526e-16	5.1840e-03	9.9482e-01	9.6094e-04	9.9904e-01	2.4430e-09	7.8141e-22	2.0295e-06	8.3807e-03	4.6121e-01	5.3040e-01	3.8945e-05	8.9410e-03	9.9020e-01	8.2048e-04	1.1755e-36	1.1755e-36	3.0355e-29	0.00e+00	0.00e+00
1.42288e+18	1.3453e+04	9.273e-16	1.0000e+04	1.0968e+04	1.3567e-16	5.6792e-03	9.9432e-01	1.0489e-03	9.9895e-01	2.2992e-09	1.2447e-21	2.3679e-06	9.6029e-03	4.8507e-01	5.0533e-01	4.9996e-05	1.0208e-02	9.8901e-01	7.3651e-04	1.1755e-36	1.1755e-36	4.5523e-29	0.00e+00	0.00e+00
1.42536e+18	1.3476e+04	9.312e-16	1.0000e+04	1.0962e+04	1.5061e-16	6.0539e-03	9.9395e-01	1.1140e-03	9.9889e-01	2.2096e-09	1.7128e-21	2.6251e-06	1.0547e-02	5.0177e-01	4.8769e-01	5.9660e-05	1.1225e-02	9.8803e-01	6.8255e-04	1.1755e-36	1.1755e-36	5.9608e-29	0.00e+00	0.00e+00
1.42702e+18	1.3457e+04	9.346e-16	1.0000e+04	1.0959e+04	1.6785e-16	6.3255e-03	9.9367e-01	1.1627e-03	9.9884e-01	2.1692e-09	2.2022e-21	2.8229e-06	1.1262e-02	5.1371e-01	4.7503e-01	6.7318e-05	1.1983e-02	9.8730e-01	6.4667e-04	1.1755e-36	1.1755e-36	7.7286e-29	0.00e+00	0.00e+00
1.42876e+18	1.3470e+04	9.369e-16	1.0000e+04	1.0956e+04	1.8033e-16	6.6287e-03	9.9337e-01	1.2171e-03	9.9878e-01	2.1179e-09	2.7768e-21	3.0564e-06	1.2084e-02	5.2692e-01	4.6099e-01	7.6709e-05	1.2867e-02	9.8645e-01	6.0760e-04	1.1755e-36	1.1755e-36	9.3101e-29	0.00e+00	0.00e+00
1.43103e+18	1.3455e+04	9.416e-16	1.0000e+04	1.0952e+04	2.1169e-16	7.0689e-03	9.9293e-01	1.2955e-03	9.9870e-01	2.0291e-09	4.0228e-21	3.4001e-06	1.3293e-02	5.4503e-01	4.4167e-01	9.1619e-05	1.4182e-02	9.8517e-01	5.5671e-04	1.1755e-36	1.1755e-36	1.3713e-28	0.00e+00	0.00e+00
1.43338e+18	1.3440e+04	9.464e-16	1.0000e+04	1.0948e+04	2.4176e-16	7.5830e-03	9.9242e-01	1.3879e-03	9.9861e-01	1.9223e-09	5.7865e-21	3.8171e-06	1.4726e-02	5.6441e-01	4.2086e-01	1.1137e-04	1.5800e-02	9.8358e-01	5.0920e-04	1.1755e-36	1.1755e-36	1.8988e-28	0.00e+00	0.00e+00
1.43528e+18	1.3436e+04	9.502e-16	1.0000e+04	1.0943e+04	2.7856e-16	8.0526e-03	9.9195e-01	1.4717e-03	9.9853e-01	1.8530e-09	8.1133e-21	4.2053e-06	1.6054e-02	5.8082e-01	4.0312e-01	1.3171e-04	1.7351e-02	9.8205e-01	4.6964e-04	1.1755e-36	1.1755e-36	2.6830e-28	0.00e+00	0.00e+00
1.43684e+18	1.3445e+04	9.527e-16	1.0000e+04	1.0937e+04	3.0127e-16	8.4738e-03	9.9153e-01	1.5470e-03	9.9845e-01	1.8046e-09	1.0405e-20	4.5611e-06	1.7273e-02	5.9488e-01	3.8784e-01	1.5204e-04	1.8810e-02	9.8060e-01	4.3821e-04	1.1755e-36	1.1755e-36	3.2795e-28	0.00e+00	0.00e+00
1.43854e+18	1.3422e+04	9.567e-16	1.0000e+04	1.0932e+04	3.4945e-16	8.9851e-03	9.9101e-01	1.6390e-03	9.9836e-01	1.7498e-09	1.4553e-20	5.0077e-06	1.8784e-02	6.1117e-01	3.7004e-01	1.7899e-04	2.0623e-02	9.7880e-01	4.0240e-04	1.1755e-36	1.1755e-36	4.6603e-28	0.00e+00	0.00e+00
1.44040e+18	1.3409e+04	9.610e-16	1.0000e+04	1.0926e+04	3.9979e-16	9.6093e-03	9.9039e-01	1.7513e-03	9.9825e-01	1.6669e-09	2.0677e-20	5.5688e-06	2.0639e-02	6.2924e-01	3.5011e-01	2.1605e-04	2.2949e-02	9.7647e-01	3.6660e-04	1.1755e-36	1.1755e-36	6.4599e-28	0.00e+00	0.00e+00
1.44186e+18	1.3394e+04	9.644e-16	1.0000e+04	1.0921e+04	4.4846e-16	1.0156e-02	9.8984e-01	1.8509e-03	9.9815e-01	1.6042e-09	2.7696e-20	6.0734e-06	2.2282e-02	6.4358e-01	3.3413e-01	2.5246e-04	2.5090e-02	9.7432e-01	3.4026e-04	1.1755e-36	1.1755e-36	8.5238e-28	0.00e+00	0.00e+00
1.44285e+18	1.3395e+04	9.662e-16	1.0000e+04	1.0916e+04	4.8455e-16	1.0562e-02	9.8944e-01	1.9249e-03	9.9808e-01	1.5796e-09	3.3977e-20	6.4557e-06	2.3515e-02	6.5369e-01	3.2279e-01	2.8205e-04	2.6743e-02	9.7265e-01	3.2096e-04	1.1755e-36	1.1755e-36	1.0315e-27	0.00e+00	0.00e+00
1.44385e+18	1.3378e+04	9.686e-16	1.0000e+04	1.0911e+04	5.3111e-16	1.0999e-02	9.8900e-01	2.0045e-03	9.9800e-01	1.5518e-09	4.2332e-20	6.8664e-06	2.4873e-02	6.6429e-01	3.1083e-01	3.1611e-04	2.8558e-02	9.7082e-01	3.0174e-04	1.1755e-36	1.1755e-36	1.2806e-27	0.00e+00	0.00e+00
1.44515e+18	1.3361e+04	9.716e-16	1.0000e+04	1.0905e+04	5.9956e-16	1.1613e-02	9.8839e-01	2.1173e-03	9.9788e-01	1.5000e-09	5.6757e-20	7.4682e-06	2.6793e-02	6.7819e-01	2.9501e-01	3.6840e-04	3.1204e-02	9.6815e-01	2.7828e-04	1.1755e-36	1.1755e-36	1.7090e-27	0.00e+00	0.00e+00
1.44646e+18	1.3344e+04	9.751e-16	1.0000e+04	1.0898e+04	6.7887e-16	1.2306e-02	9.8769e-01	2.2431e-03	9.9776e-01	1.4350e-09	7.7002e-20	8.1429e-06	2.8932e-02	6.9205e-01	2.7901e-01	4.3359e-04	3.4299e-02	9.6501e-01	2.5555e-04	1.1755e-36	1.1755e-36	2.2976e-27	0.00e+00	0.00e+00
1.44744e+18	1.3325e+04	9.776e-16	1.0000e+04	1.0893e+04	7.4402e-16	1.2879e-02	9.8712e-01	2.3497e-03	9.9765e-01	1.3991e-09	9.7276e-20	8.7253e-06	3.0730e-02	7.0262e-01	2.6665e-01	4.9299e-04	3.6969e-02	9.6230e-01	2.3887e-04	1.1755e-36	1.1755e-36	2.8564e-27	0.00e+00	0.00e+00
1.44826e+18	1.3323e+04	9.791e-16	1.0000e+04	1.0886e+04	7.9330e-16	1.3387e-02	9.8661e-01	2.4440e-03	9.9756e-01	1.3744e-09	1.1736e-19	9.2407e-06	3.2337e-02	7.1151e-01	2.5614e-01	5.5029e-04	3.9432e-02	9.5979e-01	2.2506e-04	1.1755e-36	1.1755e-36	3.3481e-27	0.00e+00	0.00e+00
1.44918e+18	1.3288e+04	9.821e-16	1.0000e+04	1.0881e+04	9.0810e-16	1.4013e-02	9.8599e-01	2.5601e-03	9.9744e-01	1.3420e-09	1.5383e-19	9.8804e-06	3.4335e-02	7.2178e-01	2.4388e-01	6.2536e-04	4.2493e-02	9.5667e-01	2.0984e-04	1.1755e-36	1.1755e-36	4.5465e-27	0.00e+00	0.00e+00
1.45020e+18	1.3288e+04	9.840e-16	1.0000e+04	1.0872e+04	9.7810e-16	1.4757e-02	9.8524e-01	2.6990e-03	9.9730e-01	1.2949e-09	1.9539e-19	1.0667e-05	3.6700e-02	7.3284e-01	2.3045e-01	7.2444e-04	4.6346e-02	9.5274e-01	1.9306e-04	1.1755e-36	1.1755e-36	5.4892e-27	0.00e+00	0.00e+00
1.45111e+18	1.3265e+04	9.868e-16	1.0000e+04	1.0864e+04	1.0882e-15	1.5498e-02	9.8450e-01	2.8364e-03	9.9716e-01	1.2553e-09	2.5183e-19	1.1435e-05	3.9039e-02	7.4263e-01	2.1832e-01	8.3128e-04	5.0252e-02	9.4874e-01	1.7885e-04	1.1755e-36	1.1755e-36	7.0305e-27	0.00e+00	0.00e+00
1.45188e+18	1.3244e+04	9.892e-16	1.0000e+04	1.0858e+04	1.2470e-15	1.6181e-02	9.8382e-01	2.9627e-03	9.9704e-01	1.2268e-09	3.2731e-19	1.2139e-05	4.1209e-02	7.5092e-01	2.0786e-01	9.3822e-04	5.3971e-02	9.4492e-01	1.6666e-04	1.1755e-36	1.1755e-36	9.5879e-27	0.00e+00	0.00e+00
1.45271e+18	1.3223e+04	9.913e-16	1.0000e+04	1.0850e+04	1.3534e-15	1.6975e-02	9.8302e-01	3.1127e-03	9.9689e-01	1.1983e-09	4.1095e-19	1.2997e-05	4.3766e-02	7.5992e-01	1.9630e-01	1.0738e-03	5.8458e-02	9.4031e-01	1.5397e-04	1.1755e-36	1.1755e-36	1.1632e-26	0.00e+00	0.00e+00
1.45361e+18	1.3192e+04	9.943e-16	1.0000e+04	1.0843e+04	1.5414e-15	1.7920e-02	9.8208e-01	3.2914e-03	9.9671e-01	1.1534e-09	5.4859e-19	1.4032e-05	4.6776e-02	7.6923e-01	1.8398e-01	1.2495e-03	6.3944e-02	9.3467e-01	1.4115e-04	1.1755e-36	1.1755e-36	1.5667e-26	0.00e+00	0.00e+00
1.45437e+18	1.3182e+04	9.962e-16	1.0000e+04	1.0831e+04	1.6695e-15	1.8811e-02	9.8119e-01	3.4597e-03	9.9654e-01	1.1204e-09	6.8758e-19	1.4991e-05	4.9590e-02	7.7699e-01	1.7340e-01	1.4323e-03	6.9345e-02	9.2909e-01	1.3010e-04	1.1755e-36	1.1755e-36	1.8978e-26	0.00e+00	0.00e+00
1.45503e+18	1.3149e+04	9.986e-16	1.0000e+04	1.0824e+04	1.8795e-15	1.9640e-02	9.8036e-01	3.6164e-03	9.9638e-01	1.0948e-09	8.7442e-19	1.5886e-05	5.2233e-02	7.8345e-01	1.6430e-01	1.6150e-03	7.4453e-02	9.2381e-01	1.2113e-04	1.1755e-36	1.1755e-36	2.4719e-26	0.00e+00	0.00e+00
1.45574e+18	1.3136e+04	1.000e-15	1.0000e+04	1.0812e+04	2.0379e-15	2.0606e-02	9.7939e-01	3.8031e-03	9.9620e-01	1.0692e-09	1.0941e-18	1.6967e-05	5.5327e-02	7.9039e-01	1.5427e-01	1.8482e-03	8.0685e-02	9.1736e-01	1.1124e-04	1.1755e-36	1.1755e-36	2.9952e-26	0.00e+00	0.00e+00
1.45651e+18	1.3103e+04	1.003e-15	1.0000e+04	1.0801e+04	2.4376e-15	2.1783e-02	9.7822e-01	4.0249e-03	9.9598e-01	1.0292e-09	1.5238e-18	1.8237e-05	5.9022e-02	7.9744e-01	1.4352e-01	2.1554e-03	8.8374e-02	9.0937e-01	1.0090e-04	1.1755e-36	1.1755e-36	4.4584e-26	0.00e+00	0.00e+00
1.45718e+18	1.3074e+04	1.005e-15	1.0000e+04	1.0792e+04	2.6457e-15	2.2898e-02	9.7710e-01	4.2402e-03	9.9576e-01	9.9837e-10	1.9090e-18	1.9490e-05	6.2541e-02	8.0314e-01	1.3430e-01	2.4751e-03	9.5935e-02	9.0150e-01	9.2628e-05	1.1755e-36	1.1755e-36	5.3825e-26	0.00e+00	0.00e+00
1.45776e+18	1.3061e+04	1.006e-15	1.0000e+04	1.0777e+04	2.8861e-15	2.3936e-02	9.7606e-01	4.4418e-03	9.9556e-01	9.7482e-10	2.3649e-18	2.0633e-05	6.5803e-02	8.0780e-01	1.2638e-01	2.8002e-03	1.0325e-01	8.9386e-01	8.5502e-05	1.1755e-36	1.1755e-36	6.5806e-26	0.00e+00	0.00e+00
1.45840e+18	1.3024e+04	1.008e-15	1.0000e+04	1.0766e+04	3.3480e-15	2.5211e-02	9.7479e-01	4.6880e-03	9.9531e-01	9.4986e-10	3.1533e-18	2.2062e-05	6.9806e-02	8.1270e-01	1.1747e-01	3.2282e-03	1.1230e-01	8.8439e-01	7.7594e-05	1.1755e-36	1.1755e-36	9.1086e-26	0.00e+00	0.00e+00
1.45909e+18	1.2986e+04	1.011e-15	1.0000e+04	1.0755e+04	3.7377e-15	2.6730e-02	9.7327e-01	4.9835e-03	9.9502e-01	9.1267e-10	4.1347e-18	2.3774e-05	7.4521e-02	8.1730e-01	1.0815e-01	3.7867e-03	1.2340e-01	8.7275e-01	6.9867e-05	1.1755e-36	1.1755e-36	1.1646e-25	0.00e+00	0.00e+00
1.45968e+18	1.2968e+04	1.012e-15	1.0000e+04	1.0733e+04	4.2202e-15	2.8181e-02	9.7182e-01	5.2674e-03	9.9473e-01	8.8380e-10	5.3872e-18	2.5381e-05	7.8959e-02	8.2079e-01	1.0023e-01	4.3747e-03	1.3438e-01	8.6118e-01	6.3148e-05	1.1755e-36	1.1755e-36	1.5277e-25	0.00e+00	0.00e+00
1.46020e+18	1.2927e+04	1.014e-15	1.0000e+04	1.0723e+04	4.7400e-15	2.9581e-02	9.7042e-01	5.5409e-03	9.9446e-01	8.6113e-10	6.8644e-18	2.6940e-05	8.3261e-02	8.2336e-01	9.3354e-02	4.9833e-03	1.4504e-01	8.4992e-01	5.7606e-05	1.1755e-36	1.1755e-36	1.9613e-25	0.00e+00	0.00e+00
1.46077e+18	1.2894e+04	1.016e-15	1.0000e+04	1.0709e+04	5.4923e-15	3.1258e-02	9.6874e-01	5.8751e-03	9.9412e-01	8.3791e-10	9.1791e-18	2.8853e-05	8.8409e-02	8.2574e-01	8.5821e-02	5.7791e-03	1.5819e-01	8.3598e-01	5.1582e-05	1.1755e-36	1.1755e-36	2.7017e-25	0.00e+00	0.00e+00
1.46139e+18	1.2861e+04	1.017e-15	1.0000e+04	1.0685e+04	6.2498e-15	3.3326e-02	9.6667e-01	6.2797e-03	9.9372e-01	8.0323e-10	1.2314e-17	3.1099e-05	9.4562e-02	8.2754e-01	7.7865e-02	6.8490e-03	1.7461e-01	8.1849e-01	4.5430e-05	1.1755e-36	1.1755e-36	3.5723e-25	0.00e+00	0.00e+00
1.46194e+18	1.2819e+04	1.019e-15	1.0000e+04	1.0668e+04	7.2546e-15	3.5381e-02	9.6462e-01	6.6885e-03	9.9331e-01	7.7482e-10	1.6579e-17	3.3369e-05	1.0067e-01	8.2830e-01	7.0997e-02	8.0118e-03	1.9116e-01	8.0079e-01	4.0242e-05	1.1755e-36	1.1755e-36	4.9027e-25	0.00e+00	0.00e+00
1.46242e+18	1.2781e+04	1.020e-15	1.0000e+04	1.0648e+04	8.5679e-15	3.7404e-02	9.6260e-01	7.0929e-03	9.9291e-01	7.5222e-10	2.2309e-17	3.5572e-05	1.0661e-01	8.2832e-01	6.5032e-02	9.2538e-03	2.0762e-01	7.8309e-01	3.5783e-05	1.1755e-36	1.1755e-36	6.9244e-25	0.00e+00	0.00e+00
1.46297e+18	1.2741e+04	1.021e-15	1.0000e+04	1.0624e+04	1.0141e-14	3.9902e-02	9.6010e-01	7.5973e-03	9.9240e-01	7.2829e-10	3.0746e-17	3.8299e-05	1.1393e-01	8.2754e-01	5.8496e-02	1.0925e-02	2.2821e-01	7.6084e-01	3.1097e-05	1.1755e-36	1.1755e-36	9.8047e-25	0.00e+00	0.00e+00
1.46357e+18	1.2683e+04	1.023e-15	1.0000e+04	1.0588e+04	1.2555e-14	4.3141e-02	9.5686e-01	8.2366e-03	9.9176e-01	6.9279e-10	4.5103e-17	4.1613e-05	1.2298e-01	8.2543e-01	5.1552e-02	1.3274e-02	2.5438e-01	7.3232e-01	2.6199e-05	1.1755e-36	1.1755e-36	1.5007e-24	0.00e+00	0.00e+00
1.46411e+18	1.2627e+04	1.024e-15	1.0000e+04	1.0560e+04	1.5036e-14	4.6506e-02	9.5349e-01	8.9156e-03	9.9108e-01	6.6302e-10	6.3756e-17	4.5172e-05	1.3235e-01	8.2209e-01	4.5517e-02	1.5961e-02	2.8153e-01	7.0248e-01	2.2080e-05	1.1755e-36	1.1755e-36	2.1556e-24	0.00e+00	0.00e+00
1.46460e+18	1.2588e+04	1.023e-15	1.0000e+04	1.0509e+04	1.7945e-14	4.9968e-02	9.5003e-01	9.6222e-03	9.9038e-01	6.3756e-10	8.8437e-17	4.8595e-05	1.4177e-01	8.1793e-01	4.0252e-02	1.8991e-02	3.0941e-01	6.7158e-01	1.8544e-05	1.1755e-36	1.1755e-36	3.0426e-24	0.00e+00	0.00e+00
1.46517e+18	1.2521e+04	1.023e-15	1.0000e+04	1.0465e+04	2.3058e-14	5.4622e-02	9.4538e-01	1.0568e-02	9.8943e-01	6.1027e-10	1.3529e-16	5.3231e-05	1.5416e-01	8.1135e-01	3.4444e-02	2.3376e-02	3.4517e-01	6.3144e-01	1.4870e-05	1.1755e-36	1.1755e-36	4.9349e-24	0.00e+00	0.00e+00
1.46576e+18	1.2446e+04	1.023e-15	1.0000e+04	1.0405e+04	2.9433e-14	6.0570e-02	9.3943e-01	1.1755e-02	9.8824e-01	5.7146e-10	2.0931e-16	5.8746e-05	1.6920e-01	8.0198e-01	2.8759e-02	2.9468e-02	3.8810e-01	5.8242e-01	1.1432e-05	1.1755e-36	1.1755e-36	7.7690e-24	0.00e+00	0.00e+00
1.46625e+18	1.2369e+04	1.024e-15	1.0000e+04	1.0358e+04	3.9391e-14	6.6559e-02	9.3344e-01	1.2935e-02	9.8706e-01	5.4272e-10	3.3037e-16	6.4004e-05	1.8387e-01	7.9173e-01	2.4343e-02	3.6064e-02	4.2781e-01	5.3612e-01	8.9421e-06	1.1755e-36	1.1755e-36	1.3607e-23	0.00e+00	0.00e+00
1.46665e+18	1.2312e+04	1.021e-15	1.0000e+04	1.0301e+04	4.7325e-14	7.2195e-02	9.2780e-01	1.4086e-02	9.8591e-01	5.2151e-10	4.5352e-16	6.8957e-05	1.9738e-01	7.8158e-01	2.0968e-02	4.2697e-02	4.6266e-01	4.9464e-01	7.0828e-06	1.1755e-36	1.1755e-36	1.8728e-23	0.00e+00	0.00e+00
1.46709e+18	1.2231e+04	1.017e-15	1.0000e+04	1.0221e+04	6.0080e-14	7.9323e-02	9.2068e-01	1.5539e-02	9.8446e-01	4.9938e-10	6.6199e-16	7.4956e-05	2.1386e-01	7.6852e-01	1.7539e-02	5.1486e-02	5.0214e-01	4.4637e-01	5.3488e-06	1.1755e-36	1.1755e-36	2.8194e-23	0.00e+00	0.00e+00
1.46757e+18	1.2140e+04	1.011e-15	1.0000e+04	1.0117e+04	7.8709e-14	8.8917e-02	9.1108e-01	1.7478e-02	9.8252e-01	4.6700e-10	1.0112e-15	8.2365e-05	2.3467e-01	7.5113e-01	1.4121e-02	6.3786e-02	5.4716e-01	3.8905e-01	3.7676e-06	1.1755e-36	1.1755e-36	4.3951e-23	0.00e+00	0.00e+00
1.46797e+18	1.2048e+04	1.006e-15	1.0000e+04	1.0022e+04	1.0743e-13	9.8887e-02	9.0111e-01	1.9447e-02	9.8055e-01	4.3991e-10	1.5691e-15	8.9413e-05	2.5515e-01	7.3323e-01	1.1523e-02	7.6928e-02	5.8504e-01	3.3803e-01	2.6845e-06	1.1755e-36	1.1755e-36	7.5014e-23	0.00e+00	0.00e+00
1.46828e+18	1.1974e+04	9.975e-16	1.0000e+04	9.9224e+03	1.3086e-13	1.0772e-01	8.9228e-01	2.1272e-02	9.7873e-01	4.2296e-10	2.0984e-15	9.5438e-05	2.7286e-01	7.1733e-01	9.7082e-03	8.8872e-02	6.1288e-01	2.9825e-01	2.0090e-06	1.1755e-36	1.1755e-36	1.0105e-22	0.00e+00	0.00e+00
1.46857e+18	1.1905e+04	9.885e-16	1.0000e+04	9.8302e+03	1.6647e-13	1.1716e-01	8.8284e-01	2.3197e-02	9.7680e-01	4.0646e-10	2.9100e-15	1.0150e-04	2.9107e-01	7.0065e-01	8.1739e-03	1.0171e-01	6.3671e-01	2.6157e-01	1.4892e-06	1.1755e-36	1.1755e-36	1.5030e-22	0.00e+00	0.00e+00
1.46889e+18	1.1801e+04	9.754e-16	1.0000e+04	9.6916e+03	2.1564e-13	1.2976e-01	8.7024e-01	2.5807e-02	9.7419e-01	3.8784e-10	4.1150e-15	1.0895e-04	3.1417e-01	6.7914e-01	6.5883e-03	1.1885e-01	6.6056e-01	2.2059e-01	1.0181e-06	1.1755e-36	1.1755e-36	2.2033e-22	0.00e+00	0.00e+00
1.46926e+18	1.1681e+04	9.583e-16	1.0000e+04	9.5177e+03	2.9895e-13	1.4674e-01	8.5326e-01	2.9285e-02	9.7072e-01	3.6271e-10	6.2418e-15	1.1792e-04	3.4309e-01	6.5172e-01	5.0662e-03	1.4175e-01	6.8121e-01	1.7703e-01	6.3461e-07	1.1755e-36	1.1755e-36	3.5694e-22	0.00e+00	0.00e+00
1.46957e+18	1.1565e+04	9.383e-16	1.0000e+04	9.3348e+03	4.0192e-13	1.6474e-01	8.3526e-01	3.3053e-02	9.6695e-01	3.4182e-10	9.0241e-15	1.2647e-04	3.7209e-01	6.2386e-01	3.9239e-03	1.6572e-01	6.9277e-01	1.4150e-01	1.1755e-36	1.1755e-36	1.1755e-36	5.4180e-22	0.00e+00	0.00e+00
1.46983e+18	1.1461e+04	9.172e-16	1.0000e+04	9.1642e+03	5.1139e-13	1.8163e-01	8.1837e-01	3.6720e-02	9.6328e-01	3.2710e-10	1.2077e-14	1.3379e-04	3.9825e-01	5.9849e-01	3.1308e-03	1.8788e-01	6.9663e-01	1.1549e-01	1.1755e-36	1.1755e-36	1.1755e-36	7.4396e-22	0.00e+00	0.00e+00
1.47005e+18	1.1364e+04	8.950e-16	1.0000e+04	8.9957e+03	6.4287e-13	1.9833e-01	8.0167e-01	4.0456e-02	9.5954e-01	3.1466e-10	1.5772e-14	1.4033e-04	4.2306e-01	5.7426e-01	2.5323e-03	2.0942e-01	6.9547e-01	9.5110e-02	1.1755e-36	1.1755e-36	1.1755e-36	1.0066e-21	0.00e+00	0.00e+00
1.47026e+18	1.1275e+04	8.695e-16	1.0000e+04	8.8120e+03	8.1401e-13	2.1622e-01	7.8378e-01	4.4589e-02	9.5541e-01	3.0305e-10	2.0656e-14	1.4660e-04	4.4852e-01	5.4930e-01	2.0371e-03	2.3211e-01	6.9019e-01	7.7698e-02	1.1755e-36	1.1755e-36	1.1755e-36	1.3873e-21	0.00e+00	0.00e+00
1.47047e+18	1.1161e+04	8.409e-16	1.0000e+04	8.6004e+03	1.0456e-12	2.3656e-01	7.6344e-01	4.9415e-02	9.5058e-01	2.9111e-10	2.7199e-14	1.5289e-04	4.7587e-01	5.2236e-01	1.6122e-03	2.5735e-01	6.8028e-01	6.2367e-02	1.1755e-36	1.1755e-36	1.1755e-36	1.9255e-21	0.00e+00	0.00e+00
1.47068e+18	1.1044e+04	8.106e-16	1.0000e+04	8.3926e+03	1.3765e-12	2.5917e-01	7.4083e-01	5.4990e-02	9.4501e-01	2.7984e-10	3.6561e-14	1.5906e-04	5.0481e-01	4.9377e-01	1.2606e-03	2.8479e-01	6.6582e-01	4.9384e-02	1.1755e-36	1.1755e-36	1.1755e-36	2.8050e-21	0.00e+00	0.00e+00
1.47086e+18	1.0949e+04	7.755e-16	1.0000e+04	8.1466e+03	1.7131e-12	2.8123e-01	7.1877e-01	6.0709e-02	9.3929e-01	2.7086e-10	4.6022e-14	1.6379e-04	5.3184e-01	4.6700e-01	9.9575e-04	3.1112e-01	6.4953e-01	3.9357e-02	1.1755e-36	1.1755e-36	1.1755e-36	3.6521e-21	0.00e+00	0.00e+00
1.47104e+18	1.0835e+04	7.416e-16	1.0000e+04	7.9204e+03	2.2161e-12	3.0474e-01	6.9526e-01	6.7144e-02	9.3286e-01	2.6307e-10	5.9983e-14	1.6841e-04	5.5943e-01	4.3962e-01	7.8293e-04	3.3857e-01	6.3017e-01	3.1259e-02	1.1755e-36	1.1755e-36	1.1755e-36	5.1734e-21	0.00e+00	0.00e+00
1.47120e+18	1.0741e+04	7.030e-16	1.0000e+04	7.6540e+03	2.6893e-12	3.2847e-01	6.7153e-01	7.3969e-02	9.2603e-01	2.5638e-10	7.2728e-14	1.7162e-04	5.8601e-01	4.1320e-01	6.1533e-04	3.6580e-01	6.0945e-01	2.4758e-02	1.1755e-36	1.1755e-36	1.1755e-36	6.3665e-21	0.00e+00	0.00e+00
1.47136e+18	1.0624e+04	6.645e-16	1.0000e+04	7.3943e+03	3.3365e-12	3.5424e-01	6.4576e-01	8.1842e-02	9.1816e-01	2.5057e-10	8.9596e-14	1.7457e-04	6.1354e-01	3.8581e-01	4.7801e-04	3.9478e-01	5.8581e-01	1.9414e-02	1.1755e-36	1.1755e-36	1.1755e-36	8.1184e-21	0.00e+00	0.00e+00
1.47152e+18	1.0510e+04	6.250e-16	1.0000e+04	7.1324e+03	4.1468e-12	3.8113e-01	6.1887e-01	9.0588e-02	9.0941e-01	2.4518e-10	1.1032e-13	1.7687e-04	6.4088e-01	3.5857e-01	3.6921e-04	4.2444e-01	5.6043e-01	1.5132e-02	1.1755e-36	1.1755e-36	1.1755e-36	1.0447e-20	0.00e+00	0.00e+00
1.47166e+18	1.0404e+04	5.852e-16	1.0000e+04	6.8585e+03	5.1376e-12	4.0720e-01	5.9280e-01	9.9685e-02	9.0031e-01	2.4159e-10	1.3473e-13	1.7788e-04	6.6628e-01	3.3326e-01	2.8729e-04	4.5270e-01	5.3543e-01	1.1877e-02	1.1755e-36	1.1755e-36	1.1755e-36	1.3481e-20	0.00e+00	0.00e+00
1.47180e+18	1.0299e+04	5.458e-16	1.0000e+04	6.5858e+03	6.3056e-12	4.3334e-01	5.6666e-01	1.0953e-01	8.9047e-01	2.3927e-10	1.6232e-13	1.7806e-04	6.9074e-01	3.0886e-01	2.2333e-04	4.8058e-01	5.1010e-01	9.3232e-03	1.1755e-36	1.1755e-36	1.1755e-36	1.7085e-20	0.00e+00	0.00e+00
1.47193e+18	1.0190e+04	5.060e-16	1.0000e+04	6.2982e+03	7.8339e-12	4.5985e-01	5.4015e-01	1.2020e-01	8.7980e-01	2.3795e-10	1.9677e-13	1.7710e-04	7.1436e-01	2.8529e-01	1.7284e-04	5.0839e-01	4.8433e-01	7.2885e-03	1.1755e-36	1.1755e-36	1.1755e-36	2.2142e-20	0.00e+00	0.00e+00
1.47205e+18	1.0082e+04	4.695e-16	1.0000e+04	6.0372e+03	9.2933e-12	4.8572e-01	5.1428e-01	1.3148e-01	8.6852e-01	2.3691e-10	2.2714e-13	1.7598e-04	7.3643e-01	2.6325e-01	1.3471e-04	5.3512e-01	4.5914e-01	5.7412e-03	1.1755e-36	1.1755e-36	1.1755e-36	2.6085e-20	0.00e+00	0.00e+00
1.47216e+18	9.9892e+03	4.352e-16	1.0000e+04	5.7768e+03	1.1047e-11	5.0893e-01	4.9107e-01	1.4245e-01	8.5755e-01	2.3760e-10	2.6227e-13	1.7367e-04	7.5567e-01	2.4405e-01	1.0681e-04	5.5878e-01	4.3662e-01	4.6008e-03	1.1755e-36	1.1755e-36	1.1755e-36	3.1427e-20	0.00e+00	0.00e+00
1.47226e+18	9.8871e+03	4.051e-16	1.0000e+04	5.5526e+03	1.2793e-11	5.3132e-01	4.6868e-01	1.5386e-01	8.4614e-01	2.3796e-10	2.9491e-13	1.7168e-04	7.7345e-01	2.2629e-01	8.5534e-05	5.8129e-01	4.1498e-01	3.7280e-03	1.1755e-36	1.1755e-36	1.1755e-36	3.6050e-20	0.00e+00	0.00e+00
1.47233e+18	9.8215e+03	3.829e-16	1.0000e+04	5.3759e+03	1.4428e-11	5.4709e-01	4.5291e-01	1.6239e-01	8.3761e-01	2.3876e-10	3.2504e-13	1.6943e-04	7.8564e-01	2.1411e-01	7.2784e-05	5.9700e-01	3.9981e-01	3.1958e-03	1.1755e-36	1.1755e-36	1.1755e-36	4.1136e-20	0.00e+00	0.00e+00
1.47238e+18	9.7710e+03	3.680e-16	1.0000e+04	5.2642e+03	1.5453e-11	5.5761e-01	4.4239e-01	1.6887e-01	8.3113e-01	2.3978e-10	3.4240e-13	1.6812e-04	7.9417e-01	2.0560e-01	6.4922e-05	6.0741e-01	3.8972e-01	2.8751e-03	1.1755e-36	1.1755e-36	1.1755e-36	4.3590e-20	0.00e+00	0.00e+00
1.47243e+18	9.7165e+03	3.530e-16	1.0000e+04	5.1500e+03	1.6764e-11	5.6864e-01	4.3136e-01	1.7583e-01	8.2417e-01	2.4067e-10	3.6497e-13	1.6666e-04	8.0281e-01	1.9697e-01	5.7564e-05	6.1826e-01	3.7916e-01	2.5738e-03	1.1755e-36	1.1755e-36	1.1755e-36	4.7368e-20	0.00e+00	0.00e+00
1.47249e+18	9.6520e+03	3.356e-16	1.0000e+04	5.0075e+03	1.8207e-11	5.8182e-01	4.1818e-01	1.8404e-01	8.1596e-01	2.4174e-10	3.8681e-13	1.6454e-04	8.1249e-01	1.8729e-01	4.9944e-05	6.3116e-01	3.6658e-01	2.2551e-03	1.1755e-36	1.1755e-36	1.1755e-36	5.0335e-20	0.00e+00	0.00e+00
1.47255e+18	9.5831e+03	3.183e-16	1.0000e+04	4.8655e+03	1.9979e-11	5.9605e-01	4.0395e-01	1.9309e-01	8.0690e-01	2.4271e-10	4.1396e-13	1.6236e-04	8.2239e-01	1.7741e-01	4.2978e-05	6.4496e-01	3.5308e-01	1.9591e-03	1.1755e-36	1.1755e-36	1.1755e-36	5.4536e-20	0.00e+00	0.00e+00
1.47260e+18	9.5310e+03	3.024e-16	1.0000e+04	4.7250e+03	2.1853e-11	6.0828e-01	3.9172e-01	2.0134e-01	7.9866e-01	2.4471e-10	4.4233e-13	1.5971e-04	8.3085e-01	1.6896e-01	3.7500e-05	6.5674e-01	3.4154e-01	1.7240e-03	1.1755e-36	1.1755e-36	1.1755e-36	5.9509e-20	0.00e+00	0.00e+00
1.47265e+18	9.4628e+03	2.879e-16	1.0000e+04	4.6021e+03	2.3666e-11	6.2041e-01	3.7959e-01	2.1012e-01	7.8988e-01	2.4612e-10	4.6672e-13	1.5761e-04	8.3914e-01	1.6067e-01	3.2755e-05	6.6836e-01	3.3012e-01	1.5218e-03	1.1755e-36	1.1755e-36	1.1755e-36	6.3104e-20	0.00e+00	0.00e+00
1.47270e+18	9.4067e+03	2.733e-16	1.0000e+04	4.4694e+03	2.5739e-11	6.3210e-01	3.6790e-01	2.1881e-01	7.8119e-01	2.4808e-10	4.9473e-13	1.5493e-04	8.4696e-01	1.5285e-01	2.8591e-05	6.7950e-01	3.1916e-01	1.3417e-03	1.1755e-36	1.1755e-36	1.1755e-36	6.7838e-20	0.00e+00	0.00e+00
1.47275e+18	9.3388e+03	2.589e-16	1.0000e+04	4.3376e+03	2.8034e-11	6.4431e-01	3.5569e-01	2.2832e-01	7.7168e-01	2.5000e-10	5.2322e-13	1.5227e-04	8.5490e-01	1.4493e-01	2.4793e-05	6.9107e-01	3.0775e-01	1.1765e-03	1.1755e-36	1.1755e-36	1.1755e-36	7.2361e-20	0.00e+00	0.00e+00
1.47281e+18	9.2705e+03	2.450e-16	1.0000e+04	4.2093e+03	3.0423e-11	6.5663e-01	3.4337e-01	2.3833e-01	7.6167e-01	2.5187e-10	5.5111e-13	1.4960e-04	8.6266e-01	1.3717e-01	2.1444e-05	7.0267e-01	2.9630e-01	1.0291e-03	1.1755e-36	1.1755e-36	1.1755e-36	7.6514e-20	0.00e+00	0.00e+00
1.47285e+18	9.2058e+03	2.318e-16	1.0000e+04	4.0828e+03	3.3027e-11	6.6815e-01	3.3185e-01	2.4818e-01	7.5182e-01	2.5409e-10	5.8038e-13	1.4677e-04	8.6981e-01	1.3003e-01	1.8628e-05	7.1345e-01	2.8564e-01	9.0425e-04	1.1755e-36	1.1755e-36	1.1755e-36	8.1170e-20	0.00e+00	0.00e+00
1.47290e+18	9.1444e+03	2.193e-16	1.0000e+04	3.9580e+03	3.5864e-11	6.7916e-01	3.2084e-01	2.5807e-01	7.4193e-01	2.5651e-10	6.1128e-13	1.4382e-04	8.7656e-01	1.2328e-01	1.6202e-05	7.2370e-01	2.7550e-01	7.9584e-04	1.1755e-36	1.1755e-36	1.1755e-36	8.6344e-20	0.00e+00	0.00e+00
1.47295e+18	9.0663e+03	2.071e-16	1.0000e+04	3.8380e+03	3.8959e-11	6.9076e-01	3.0924e-01	2.6902e-01	7.3098e-01	2.5841e-10	6.4109e-13	1.4105e-04	8.8343e-01	1.1641e-01	1.3994e-05	7.3445e-01	2.6486e-01	6.9662e-04	1.1755e-36	1.1755e-36	1.1755e-36	9.0642e-20	0.00e+00	0.00e+00
1.47300e+18	9.0046e+03	1.952e-16	1.0000e+04	3.7122e+03	4.2343e-11	7.0156e-01	2.9844e-01	2.7959e-01	7.2041e-01	2.6131e-10	6.7394e-13	1.3783e-04	8.8972e-01	1.1013e-01	1.2118e-05	7.4440e-01	2.5499e-01	6.1079e-04	1.1755e-36	1.1755e-36	1.1755e-36	9.6089e-20	0.00e+00	0.00e+00
1.47305e+18	8.9234e+03	1.841e-16	1.0000e+04	3.5967e+03	4.5993e-11	7.1263e-01	2.8737e-01	2.9108e-01	7.0892e-01	2.6326e-10	7.0457e-13	1.3497e-04	8.9600e-01	1.0385e-01	1.0459e-05	7.5454e-01	2.4492e-01	5.3473e-04	1.1755e-36	1.1755e-36	1.1755e-36	1.0033e-19	0.00e+00	0.00e+00
1.47309e+18	8.8609e+03	1.734e-16	1.0000e+04	3.4771e+03	4.9927e-11	7.2277e-01	2.7723e-01	3.0210e-01	6.9790e-01	2.6627e-10	7.3846e-13	1.3170e-04	9.0171e-01	9.8147e-02	9.0554e-06	7.6382e-01	2.3571e-01	4.6926e-04	1.1755e-36	1.1755e-36	1.1755e-36	1.0587e-19	0.00e+00	0.00e+00
1.47314e+18	8.7795e+03	1.631e-16	1.0000e+04	3.3617e+03	5.4335e-11	7.3320e-01	2.6680e-01	3.1392e-01	6.8608e-01	2.6866e-10	7.7078e-13	1.2861e-04	9.0738e-01	9.2483e-02	7.8096e-06	7.7324e-01	2.2635e-01	4.1088e-04	1.1755e-36	1.1755e-36	1.1755e-36	1.1033e-19	0.00e+00	0.00e+00
1.47318e+18	8.6990e+03	1.533e-16	1.0000e+04	3.2498e+03	5.9044e-11	7.4357e-01	2.5643e-01	3.2621e-01	6.7379e-01	2.7091e-10	8.0333e-13	1.2555e-04	9.1286e-01	8.7009e-02	6.7175e-06	7.8261e-01	2.1703e-01	3.5887e-04	1.1755e-36	1.1755e-36	1.1755e-36	1.1462e-19	0.00e+00	0.00e+00
1.47323e+18	8.6219e+03	1.441e-16	1.0000e+04	3.1400e+03	6.4136e-11	7.5324e-01	2.4676e-01	3.3826e-01	6.6174e-01	2.7346e-10	8.3646e-13	1.2241e-04	9.1790e-01	8.1974e-02	5.7992e-06	7.9131e-01	2.0838e-01	3.1463e-04	1.1755e-36	1.1755e-36	1.1755e-36	1.1912e-19	0.00e+00	0.00e+00
1.47327e+18	8.5416e+03	1.354e-16	1.0000e+04	3.0336e+03	6.9725e-11	7.6259e-01	2.3741e-01	3.5055e-01	6.4945e-01	2.7587e-10	8.6988e-13	1.1932e-04	9.2269e-01	7.7182e-02	5.0056e-06	7.9968e-01	2.0004e-01	2.7604e-04	1.1755e-36	1.1755e-36	1.1755e-36	1.2348e-19	0.00e+00	0.00e+00
1.47331e+18	8.4593e+03	1.270e-16	1.0000e+04	2.9268e+03	7.6092e-11	7.7187e-01	2.2813e-01	3.6317e-01	6.3683e-01	2.7841e-10	9.0594e-13	1.1611e-04	9.2731e-01	7.2566e-02	4.3079e-06	8.0795e-01	1.9181e-01	2.4157e-04	1.1755e-36	1.1755e-36	1.1755e-36	1.2839e-19	0.00e+00	0.00e+00
1.47335e+18	8.3696e+03	1.190e-16	1.0000e+04	2.8237e+03	8.2935e-11	7.8114e-01	2.1886e-01	3.7637e-01	6.2363e-01	2.8054e-10	9.3911e-13	1.1302e-04	9.3179e-01	6.8091e-02	3.6972e-06	8.1619e-01	1.8360e-01	2.1096e-04	1.1755e-36	1.1755e-36	1.1755e-36	1.3189e-19	0.00e+00	0.00e+00
1.47340e+18	8.2816e+03	1.115e-16	1.0000e+04	2.7222e+03	9.0556e-11	7.8986e-01	2.1014e-01	3.8934e-01	6.1066e-01	2.8296e-10	9.7391e-13	1.0987e-04	9.3593e-01	6.3957e-02	3.1812e-06	8.2390e-01	1.7591e-01	1.8473e-04	1.1755e-36	1.1755e-36	1.1755e-36	1.3582e-19	0.00e+00	0.00e+00
1.47344e+18	8.1934e+03	1.044e-16	1.0000e+04	2.6252e+03	9.8779e-11	7.9824e-01	2.0176e-01	4.0246e-01	5.9753e-01	2.8512e-10	1.0082e-12	1.0681e-04	9.3984e-01	6.0054e-02	2.7384e-06	8.3129e-01	1.6855e-01	1.6194e-04	1.1755e-36	1.1755e-36	1.1755e-36	1.3943e-19	0.00e+00	0.00e+00
1.47348e+18	8.1002e+03	9.772e-17	1.0000e+04	2.5298e+03	1.0808e-10	8.0653e-01	1.9347e-01	4.1594e-01	5.8406e-01	2.8711e-10	1.0433e-12	1.0376e-04	9.4359e-01	5.6307e-02	2.3517e-06	8.3856e-01	1.6130e-01	1.4170e-04	1.1755e-36	1.1755e-36	1.1755e-36	1.4285e-19	0.00e+00	0.00e+00
1.47352e+18	8.0100e+03	9.133e-17	1.0000e+04	2.4330e+03	1.1846e-10	8.1432e-01	1.8568e-01	4.2916e-01	5.7084e-01	2.8972e-10	1.0796e-12	1.0057e-04	9.4708e-01	5.2815e-02	2.0198e-06	8.4542e-01	1.5445e-01	1.2404e-04	1.1755e-36	1.1755e-36	1.1755e-36	1.4644e-19	0.00e+00	0.00e+00
1.47356e+18	7.9079e+03	8.528e-17	1.0000e+04	2.3404e+03	1.3044e-10	8.2221e-01	1.7779e-01	4.4302e-01	5.5698e-01	2.9160e-10	1.1159e-12	9.7510e-05	9.5047e-01	4.9429e-02	1.7300e-06	8.5229e-01	1.4760e-01	1.0838e-04	1.1755e-36	1.1755e-36	1.1755e-36	1.4946e-19	0.00e+00	0.00e+00
1.47360e+18	7.8036e+03	7.960e-17	1.0000e+04	2.2502e+03	1.4391e-10	8.2984e-01	1.7016e-01	4.5690e-01	5.4310e-01	2.9338e-10	1.1523e-12	9.4487e-05	9.5365e-01	4.6252e-02	1.4823e-06	8.5892e-01	1.4099e-01	9.4735e-05	1.1755e-36	1.1755e-36	1.1755e-36	1.5223e-19	0.00e+00	0.00e+00
1.47364e+18	7.6991e+03	7.436e-17	1.0000e+04	2.1646e+03	1.5875e-10	8.3701e-01	1.6299e-01	4.7060e-01	5.2940e-01	2.9493e-10	1.1880e-12	9.1576e-05	9.5659e-01	4.3315e-02	1.2735e-06	8.6513e-01	1.3478e-01	8.3060e-05	1.1755e-36	1.1755e-36	1.1755e-36	1.5464e-19	0.00e+00	0.00e+00
1.47367e+18	7.5923e+03	6.945e-17	1.0000e+04	2.0819e+03	1.7547e-10	8.4392e-01	1.5608e-01	4.8430e-01	5.1570e-01	2.9629e-10	1.2238e-12	8.8726e-05	9.5935e-01	4.0563e-02	1.0950e-06	8.7107e-01	1.2886e-01	7.2916e-05	1.1755e-36	1.1755e-36	1.1755e-36	1.5684e-19	0.00e+00	0.00e+00
1.47371e+18	7.4823e+03	6.481e-17	1.0000e+04	2.0007e+03	1.9460e-10	8.5063e-01	1.4937e-01	4.9811e-01	5.0189e-01	2.9754e-10	1.2600e-12	8.5887e-05	9.6196e-01	3.7954e-02	9.4009e-07	8.7684e-01	1.2310e-01	6.3933e-05	1.1755e-36	1.1755e-36	1.1755e-36	1.5879e-19	0.00e+00	0.00e+00
1.47375e+18	7.3620e+03	6.045e-17	1.0000e+04	1.9223e+03	2.1756e-10	8.5731e-01	1.4269e-01	5.1217e-01	4.8783e-01	2.9796e-10	1.2986e-12	8.3150e-05	9.6444e-01	3.5473e-02	1.1755e-36	8.8257e-01	1.1738e-01	5.5997e-05	1.1755e-36	1.1755e-36	1.1755e-36	1.6101e-19	0.00e+00	0.00e+00
1.47378e+18	7.2463e+03	5.642e-17	1.0000e+04	1.8468e+03	2.4268e-10	8.6349e-01	1.3651e-01	5.2577e-01	4.7422e-01	2.9877e-10	1.3352e-12	8.0451e-05	9.6671e-01	3.3207e-02	1.1755e-36	8.8786e-01	1.1209e-01	4.9212e-05	1.1755e-36	1.1755e-36	1.1755e-36	1.6260e-19	0.00e+00	0.00e+00
1.47382e+18	7.1296e+03	5.271e-17	1.0000e+04	1.7752e+03	2.7115e-10	8.6933e-01	1.3067e-01	5.3918e-01	4.6082e-01	2.9925e-10	1.3716e-12	7.7866e-05	9.6881e-01	3.1110e-02	1.1755e-36	8.9285e-01	1.0711e-01	4.3367e-05	1.1755e-36	1.1755e-36	1.1755e-36	1.6408e-19	0.00e+00	0.00e+00
1.47385e+18	7.0102e+03	4.922e-17	1.0000e+04	1.7058e+03	3.0392e-10	8.7496e-01	1.2504e-01	5.5250e-01	4.4750e-01	2.9952e-10	1.4080e-12	7.5332e-05	9.7078e-01	2.9145e-02	1.1755e-36	8.9764e-01	1.0232e-01	3.8230e-05	1.1755e-36	1.1755e-36	1.1755e-36	1.6534e-19	0.00e+00	0.00e+00
1.47389e+18	6.8868e+03	4.596e-17	1.0000e+04	1.6383e+03	3.4250e-10	8.8042e-01	1.1958e-01	5.6574e-01	4.3425e-01	2.9958e-10	1.4459e-12	7.2848e-05	9.7262e-01	2.7304e-02	1.1755e-36	9.0229e-01	9.7680e-02	3.3710e-05	1.1755e-36	1.1755e-36	1.1755e-36	1.6682e-19	0.00e+00	0.00e+00
1.47392e+18	6.7581e+03	4.294e-17	1.0000e+04	1.5724e+03	3.8819e-10	8.8557e-01	1.1443e-01	5.7864e-01	4.2136e-01	2.9964e-10	1.4830e-12	7.0403e-05	9.7432e-01	2.5608e-02	1.1755e-36	9.0667e-01	9.3303e-02	2.9795e-05	1.1755e-36	1.1755e-36	1.1755e-36	1.6789e-19	0.00e+00	0.00e+00
1.47395e+18	6.6335e+03	4.017e-17	1.0000e+04	1.5113e+03	4.3945e-10	8.9043e-01	1.0957e-01	5.9117e-01	4.0883e-01	2.9932e-10	1.5210e-12	6.8108e-05	9.7588e-01	2.4055e-02	1.1755e-36	9.1078e-01	8.9192e-02	2.6424e-05	1.1755e-36	1.1755e-36	1.1755e-36	1.6949e-19	0.00e+00	0.00e+00
1.47398e+18	6.5080e+03	3.761e-17	1.0000e+04	1.4530e+03	4.9901e-10	8.9503e-01	1.0497e-01	6.0346e-01	3.9654e-01	2.9867e-10	1.5598e-12	6.5899e-05	9.7732e-01	2.2618e-02	1.1755e-36	9.1467e-01	8.5311e-02	2.3487e-05	1.1755e-36	1.1755e-36	1.1755e-36	1.7140e-19	0.00e+00	0.00e+00
1.47401e+18	6.3798e+03	3.520e-17	1.0000e+04	1.3960e+03	5.6946e-10	8.9951e-01	1.0049e-01	6.1566e-01	3.8434e-01	2.9790e-10	1.5999e-12	6.3724e-05	9.7867e-01	2.1266e-02	1.1755e-36	9.1844e-01	8.1537e-02	2.0865e-05	1.1755e-36	1.1755e-36	1.1755e-36	1.7361e-19	0.00e+00	0.00e+00
1.47404e+18	6.2500e+03	3.293e-17	1.0000e+04	1.3408e+03	6.5254e-10	9.0385e-01	9.6153e-02	6.2766e-01	3.7234e-01	2.9699e-10	1.6415e-12	6.1597e-05	9.7993e-01	2.0005e-02	1.1755e-36	9.2209e-01	7.7895e-02	1.8543e-05	1.1755e-36	1.1755e-36	1.1755e-36	1.7629e-19	0.00e+00	0.00e+00
1.47407e+18	6.1277e+03	3.083e-17	1.0000e+04	1.2873e+03	7.4586e-10	9.0784e-01	9.2161e-02	6.3905e-01	3.6094e-01	2.9657e-10	1.6844e-12	5.9487e-05	9.8109e-01	1.8851e-02	1.1755e-36	9.2544e-01	7.4546e-02	1.6526e-05	1.1755e-36	1.1755e-36	1.1755e-36	1.7959e-19	0.00e+00	0.00e+00
1.47410e+18	5.9987e+03	2.891e-17	1.0000e+04	1.2376e+03	8.5806e-10	9.1170e-01	8.8299e-02	6.5032e-01	3.4968e-01	2.9525e-10	1.7285e-12	5.7545e-05	9.8216e-01	1.7787e-02	1.1755e-36	9.2868e-01	7.1308e-02	1.4765e-05	1.1755e-36	1.1755e-36	1.1755e-36	1.8358e-19	0.00e+00	0.00e+00
1.47413e+18	5.8696e+03	2.712e-17	1.0000e+04	1.1898e+03	9.8982e-10	9.1536e-01	8.4638e-02	6.6142e-01	3.3858e-01	2.9369e-10	1.7749e-12	5.5666e-05	9.8315e-01	1.6797e-02	1.1755e-36	9.3174e-01	6.8245e-02	1.3211e-05	1.1755e-36	1.1755e-36	1.1755e-36	1.8855e-19	0.00e+00	0.00e+00
1.47416e+18	5.7392e+03	2.542e-17	1.0000e+04	1.1430e+03	1.1468e-09	9.1892e-01	8.1076e-02	6.7236e-01	3.2763e-01	2.9205e-10	1.8245e-12	5.3810e-05	9.8408e-01	1.5866e-02	1.1755e-36	9.3472e-01	6.5268e-02	1.1814e-05	1.1755e-36	1.1755e-36	1.1755e-36	1.9473e-19	0.00e+00	0.00e+00
1.47418e+18	5.6072e+03	2.383e-17	1.0000e+04	1.0979e+03	1.3336e-09	9.2236e-01	7.7637e-02	6.8307e-01	3.1693e-01	2.9023e-10	1.8774e-12	5.2011e-05	9.8495e-01	1.5002e-02	1.1755e-36	9.3759e-01	6.2400e-02	1.0572e-05	1.1755e-36	1.1755e-36	1.1755e-36	2.0237e-19	0.00e+00	0.00e+00
1.47421e+18	5.4753e+03	2.237e-17	1.0000e+04	1.0549e+03	1.5526e-09	9.2562e-01	7.4380e-02	6.9344e-01	3.0655e-01	2.8820e-10	1.9329e-12	5.0293e-05	9.8574e-01	1.4206e-02	1.1755e-36	9.4030e-01	5.9686e-02	9.4816e-06	1.1755e-36	1.1755e-36	1.1755e-36	2.1148e-19	0.00e+00	0.00e+00
1.47424e+18	5.3436e+03	2.101e-17	1.0000e+04	1.0138e+03	1.8094e-09	9.2872e-01	7.1284e-02	7.0353e-01	2.9647e-01	2.8597e-10	1.9922e-12	4.8647e-05	9.8648e-01	1.3472e-02	1.1755e-36	9.4288e-01	5.7110e-02	8.5186e-06	1.1755e-36	1.1755e-36	1.1755e-36	2.2251e-19	0.00e+00	0.00e+00
1.47426e+18	5.2081e+03	1.973e-17	1.0000e+04	9.7488e+02	2.1169e-09	9.3178e-01	6.8218e-02	7.1355e-01	2.8645e-01	2.8309e-10	2.0567e-12	4.7095e-05	9.8717e-01	1.2788e-02	1.1755e-36	9.4540e-01	5.4592e-02	7.6584e-06	1.1755e-36	1.1755e-36	1.1755e-36	2.3618e-19	0.00e+00	0.00e+00
1.47429e+18	5.0738e+03	1.852e-17	1.0000e+04	9.3632e+02	2.4738e-09	9.3467e-01	6.5333e-02	7.2325e-01	2.7675e-01	2.8050e-10	2.1253e-12	4.5543e-05	9.8781e-01	1.2147e-02	1.1755e-36	9.4780e-01	5.2198e-02	6.8840e-06	1.1755e-36	1.1755e-36	1.1755e-36	2.5194e-19	0.00e+00	0.00e+00
1.47431e+18	4.9391e+03	1.741e-17	1.0000e+04	8.9917e+02	2.8792e-09	9.3741e-01	6.2589e-02	7.3265e-01	2.6734e-01	2.7779e-10	2.1964e-12	4.4050e-05	9.8846e-01	1.1496e-02	1.1755e-36	9.5010e-01	4.9893e-02	6.1895e-06	1.1755e-36	1.1755e-36	1.1755e-36	2.6943e-19	0.00e+00	0.00e+00
1.47434e+18	4.8058e+03	1.637e-17	1.0000e+04	8.6403e+02	3.3236e-09	9.4002e-01	5.9982e-02	7.4168e-01	2.5832e-01	2.7492e-10	2.2675e-12	4.2644e-05	9.8912e-01	1.0833e-02	1.1755e-36	9.5226e-01	4.7732e-02	5.5840e-06	1.1755e-36	1.1755e-36	1.1755e-36	2.8779e-19	0.00e+00	0.00e+00
1.47436e+18	4.6732e+03	1.541e-17	1.0000e+04	8.3055e+02	3.8091e-09	9.4249e-01	5.7510e-02	7.5041e-01	2.4959e-01	2.7187e-10	2.3379e-12	4.1309e-05	9.8974e-01	1.0214e-02	1.1755e-36	9.5431e-01	4.5686e-02	5.0472e-06	1.1755e-36	1.1755e-36	1.1755e-36	3.0673e-19	0.00e+00	0.00e+00
1.47438e+18	4.5401e+03	1.451e-17	1.0000e+04	7.9817e+02	4.3307e-09	9.4487e-01	5.5128e-02	7.5893e-01	2.4107e-01	2.6868e-10	2.4058e-12	4.0025e-05	9.9033e-01	9.6308e-03	1.1755e-36	9.5628e-01	4.3715e-02	4.5639e-06	1.1755e-36	1.1755e-36	1.1755e-36	3.2520e-19	0.00e+00	0.00e+00
1.47441e+18	4.4065e+03	1.367e-17	1.0000e+04	7.6681e+02	4.8730e-09	9.4717e-01	5.2830e-02	7.6721e-01	2.3279e-01	2.6538e-10	2.4681e-12	3.8789e-05	9.9088e-01	9.0819e-03	1.1755e-36	9.5818e-01	4.1815e-02	4.1287e-06	1.1755e-36	1.1755e-36	1.1755e-36	3.4153e-19	0.00e+00	0.00e+00
1.47443e+18	4.2737e+03	1.288e-17	1.0000e+04	7.3680e+02	5.4090e-09	9.4937e-01	5.0630e-02	7.7522e-01	2.2478e-01	2.6195e-10	2.5210e-12	3.7617e-05	9.9139e-01	8.5686e-03	1.1755e-36	9.6000e-01	3.9998e-02	3.7392e-06	1.1755e-36	1.1755e-36	1.1755e-36	3.5380e-19	0.00e+00	0.00e+00
1.47445e+18	4.1430e+03	1.215e-17	1.0000e+04	7.0836e+02	5.9111e-09	9.5144e-01	4.8555e-02	7.8288e-01	2.1712e-01	2.5842e-10	2.5614e-12	3.6521e-05	9.9187e-01	8.0939e-03	1.1755e-36	9.6171e-01	3.8285e-02	3.3946e-06	1.1755e-36	1.1755e-36	1.1755e-36	3.6033e-19	0.00e+00	0.00e+00
1.47447e+18	4.0161e+03	1.149e-17	1.0000e+04	6.8182e+02	6.3532e-09	9.5337e-01	4.6628e-02	7.9011e-01	2.0989e-01	2.5484e-10	2.5877e-12	3.5513e-05	9.9230e-01	7.6604e-03	1.1755e-36	9.6330e-01	3.6694e-02	3.0935e-06	1.1755e-36	1.1755e-36	1.1755e-36	3.6031e-19	0.00e+00	0.00e+00
1.47449e+18	3.8939e+03	1.090e-17	1.0000e+04	6.5723e+02	6.7219e-09	9.5515e-01	4.4853e-02	7.9690e-01	2.0310e-01	2.5119e-10	2.6001e-12	3.4599e-05	9.9270e-01	7.2664e-03	1.1755e-36	9.6477e-01	3.5229e-02	2.8312e-06	1.1755e-36	1.1755e-36	1.1755e-36	3.5405e-19	0.00e+00	0.00e+00
